0 0.12109375 0.2515625 0.04296875 0.03203125
0 0.30234375 0.26640625 0.03828125 0.0328125
0 0.46875 0.2796875 0.03515625 0.03046875
0 0.10390625 0.33359375 0.0875 0.06796875
0 0.2953125 0.34609375 0.08359375 0.06640625
0 0.4703125 0.35625 0.07421875 0.06484375
0 0.08046875 0.44609375 0.09375 0.08046875
0 0.28671875 0.45390625 0.090625 0.0765625
0 0.4734375 0.46015625 0.08125 0.07265625
0 0.05390625 0.57265625 0.10078125 0.0921875
0 0.27421875 0.575 0.09453125 0.090625
0 0.475 0.57421875 0.0859375 0.084375