0 0.19464699074074074 0.21987847222222223 0.04745370370370372 0.03876736111111114
0 0.36724537037037036 0.27694444444444444 0.037962962962962976 0.035225694444444414
0 0.49823495370370374 0.32026041666666666 0.028443287037037024 0.03090277777777777
0 0.17664930555555555 0.30569444444444444 0.10217013888888889 0.08409722222222218
0 0.36206597222222225 0.35361111111111115 0.07445023148148149 0.0727256944444445
0 0.4964988425925926 0.38819444444444445 0.05541087962962976 0.06407986111111104
0 0.15361689814814816 0.4221527777777778 0.11111111111111112 0.09385416666666657
0 0.35355902777777776 0.4569444444444445 0.08012152777777777 0.07843750000000008
0 0.4994212962962963 0.47776041666666663 0.06021412037037042 0.06741319444444435
0 0.12595486111111112 0.5583159722222222 0.11924189814814815 0.10279513888888872
0 0.34389467592592593 0.5704687500000001 0.08663194444444447 0.08574652777777772
0 0.5004050925925926 0.5775520833333333 0.0635706018518519 0.07380208333333335