0 0.050277777777777775 0.21809027777777779 0.04776041666666666 0.03852430555555557
0 0.24769097222222225 0.25213541666666667 0.04439236111111118 0.03298611111111107
0 0.42465277777777777 0.28260416666666666 0.03888888888888893 0.03208333333333328
0 0.04560763888888889 0.30618055555555557 0.06729166666666667 0.07407986111111109
0 0.2396875 0.33546875 0.09229166666666666 0.07463541666666665
0 0.4250694444444445 0.3622222222222222 0.081111111111111 0.06892361111111107
0 0.42880208333333336 0.46376736111111116 0.08447916666666658 0.07446180555555557
0 0.22899305555555555 0.44605902777777773 0.09800347222222223 0.08022569444444443
0 0.03501736111111111 0.41911458333333335 0.03628472222222223 0.07885416666666671
0 0.21579861111111112 0.5706423611111111 0.10874999999999994 0.09373263888888897
0 0.43088541666666663 0.5808854166666666 0.09267361111111114 0.08322916666666665