0 0.49765625 0.54453125 0.01640625 0.01640625
0 0.5671875 0.54609375 0.01796875 0.015625
0 0.63671875 0.54140625 0.0171875 0.01484375
0 0.49921875 0.5828125 0.03046875 0.03203125
0 0.56875 0.5828125 0.034375 0.03359375
0 0.63984375 0.57890625 0.03125 0.03203125
0 0.50078125 0.63203125 0.03203125 0.0328125
0 0.57265625 0.63046875 0.034375 0.03359375
0 0.503125 0.6828125 0.0328125 0.03515625
0 0.57734375 0.6796875 0.03359375 0.0328125
0 0.64609375 0.62734375 0.03203125 0.03359375
0 0.653125 0.67734375 0.03359375 0.0328125