0 0.07109375 0.2734375 0.04609375 0.04140625
0 0.24140625 0.3375 0.04140625 0.03671875
0 0.2296875 0.40703125 0.07734375 0.06796875
0 0.04921875 0.35078125 0.09609375 0.07890625
0 0.03828125 0.459375 0.07578125 0.08125
0 0.3703125 0.38515625 0.028125 0.03125
0 0.36640625 0.44765625 0.0515625 0.05859375
0 0.2171875 0.5 0.078125 0.0703125
0 0.36171875 0.528125 0.05625 0.0625
0 0.203125 0.60546875 0.08046875 0.07734375
0 0.3578125 0.61875 0.06328125 0.06796875
0 0.02421875 0.5828125 0.0484375 0.090625