0 0.4893344907407407 0.316087962962963 0.03851851851851862 0.0348668981481481
0 0.6502835648148148 0.32644675925925926 0.03772569444444436 0.03324652777777777
0 0.49032986111111115 0.39276620370370374 0.07782986111111115 0.07135416666666661
0 0.6590798611111112 0.4052662037037037 0.07628472222222235 0.07358217592592595
0 0.8065335648148148 0.3380208333333333 0.03615162037037045 0.03156828703703703
0 0.8239351851851853 0.4159143518518519 0.07470486111111115 0.07112268518518512
0 0.49345486111111114 0.49852430555555555 0.08413773148148138 0.07962962962962976
0 0.4964872685185185 0.6167824074074074 0.08420717592592589 0.08900462962962977
0 0.6731539351851852 0.5102719907407407 0.08336805555555564 0.08113425925925935
0 0.6879224537037038 0.6270543981481482 0.0912557870370371 0.09186921296296298
0 0.8497453703703703 0.5194444444444445 0.08178819444444443 0.07867476851851851
0 0.879363425925926 0.636545138888889 0.09045138888888857 0.08868634259259274