0 0.5258912037037037 0.562962962962963 0.0172569444444445 0.01701388888888893
0 0.5955034722222223 0.5671006944444444 0.01877893518518512 0.016290509259259168
0 0.6647916666666667 0.5649884259259259 0.017957175925926095 0.015480324074074047
0 0.5294386574074074 0.6013020833333333 0.03212962962962962 0.033159722222222146
0 0.5989699074074075 0.6038773148148149 0.03611689814814802 0.0348668981481481
0 0.6698611111111111 0.6026041666666667 0.032910879629629616 0.03318865740740744
0 0.5335532407407408 0.6505787037037037 0.033732638888889 0.03399884259259256
0 0.6053472222222223 0.6516782407407408 0.036116898148148203 0.0348668981481481
0 0.5385300925925927 0.7014467592592594 0.034635416666666606 0.03637152777777786
0 0.6125868055555556 0.7010706018518519 0.035295138888889 0.034056712962962976
0 0.6786226851851852 0.6512731481481481 0.033773148148148024 0.03478009259259274
0 0.6882465277777777 0.7015335648148148 0.035295138888889 0.034056712962962976