0 0.19641203703703702 0.2205439814814815 0.048125000000000015 0.04357638888888884
0 0.3702256944444445 0.28174189814814815 0.03539351851851844 0.03539351851851853
0 0.5015798611111111 0.327025462962963 0.028246527777777787 0.03127893518518512
0 0.3633159722222222 0.356880787037037 0.07554398148148148 0.07326967592592588
0 0.17982638888888888 0.30611689814814813 0.09838541666666667 0.08019097222222218
0 0.501105324074074 0.39572916666666663 0.05729745370370374 0.06336226851851859
0 0.35713541666666665 0.4600983796296296 0.07876157407407405 0.07648726851851854
0 0.15601851851851853 0.42468749999999994 0.11033564814814815 0.0883506944444445
0 0.1309201388888889 0.5604687500000001 0.11927662037037035 0.10032407407407398
0 0.3474594907407408 0.5759085648148148 0.08758680555555554 0.0845543981481482
0 0.5031539351851853 0.4846527777777778 0.05899884259259256 0.06809606481481474
0 0.505613425925926 0.5860532407407407 0.06150462962962955 0.07363425925925923