0 0.203125 0.22578125 0.04453125 0.04296875
0 0.37890625 0.2921875 0.03515625 0.0359375
0 0.5109375 0.3421875 0.02578125 0.03125
0 0.375 0.36953125 0.07109375 0.06640625
0 0.18828125 0.3125 0.09609375 0.07734375
0 0.51171875 0.41171875 0.05703125 0.06171875
0 0.16953125 0.42890625 0.10859375 0.08515625
0 0.37265625 0.471875 0.075 0.0734375
0 0.515625 0.50234375 0.0578125 0.065625
0 0.1484375 0.56640625 0.11796875 0.09921875
0 0.36796875 0.58671875 0.08046875 0.08046875
0 0.5234375 0.60078125 0.06015625 0.0703125