0 0.3546759259259259 0.5093287037037036 0.019774305555555573 0.017418981481481487
0 0.43116898148148153 0.5100462962962963 0.017418981481481487 0.016516203703703703
0 0.5006539351851852 0.5095659722222223 0.015868055555555573 0.01721643518518512
0 0.35250000000000004 0.5508159722222222 0.035653935185185226 0.035416666666666784
0 0.4297974537037037 0.5499305555555555 0.034079861111111144 0.03455439814814802
0 0.5008564814814814 0.5485879629629629 0.03172453703703706 0.03365162037037024
0 0.3486111111111111 0.6025405092592593 0.03726273148148147 0.03862268518518519
0 0.3438831018518519 0.6582118055555556 0.03885995370370363 0.04104745370370359
0 0.427505787037037 0.5992303240740741 0.03802083333333321 0.037100694444444395
0 0.42669560185185185 0.6539178240740741 0.03571180555555564 0.03932291666666661
0 0.50328125 0.6483854166666667 0.035688657407407474 0.03776041666666678