0 0.4761631944444444 0.26436921296296295 0.039120370370370236 0.032361111111111104
0 0.47519675925925925 0.3431828703703704 0.0808275462962964 0.06947916666666672
0 0.6370601851851851 0.26038194444444446 0.03907986111111121 0.03157986111111111
0 0.6432060185185184 0.33742476851851855 0.07914351851851861 0.06708912037037038
0 0.7941724537037037 0.2541666666666667 0.03973958333333325 0.029259259259259273
0 0.8081712962962962 0.3301967592592593 0.07597800925925924 0.0662152777777778
0 0.47371527777777783 0.44697337962962963 0.08662037037037038 0.0758912037037037
0 0.4692013888888889 0.5641145833333333 0.09269675925925931 0.08777199074074069
0 0.6520023148148149 0.4385706018518519 0.08255208333333339 0.07265046296296304
0 0.8294270833333333 0.43175347222222227 0.08666087962962976 0.07667245370370371
0 0.6631539351851852 0.5544675925925926 0.09335648148148153 0.08545138888888885
0 0.8539409722222221 0.5456944444444444 0.09417824074074091 0.08625578703703703