0 0.203125 0.2265625 0.046875 0.0421875
0 0.37890625 0.29296875 0.034375 0.034375
0 0.51171875 0.3421875 0.02734375 0.03046875
0 0.37421875 0.36796875 0.0734375 0.07109375
0 0.1890625 0.31171875 0.09609375 0.07734375
0 0.51328125 0.4109375 0.05546875 0.06171875
0 0.37109375 0.47109375 0.0765625 0.07421875
0 0.16875 0.4296875 0.1078125 0.08515625
0 0.14765625 0.56484375 0.11640625 0.096875
0 0.36484375 0.58671875 0.08515625 0.08203125
0 0.51796875 0.5 0.05703125 0.06640625
0 0.5234375 0.6015625 0.059375 0.071875