0 0.20990740740740738 0.23793402777777778 0.04718171296296294 0.03876736111111114
0 0.3868287037037037 0.3105555555555556 0.03771412037037045 0.035225694444444414
0 0.521099537037037 0.3656770833333333 0.02822337962962962 0.03090277777777777
0 0.19758680555555555 0.32243055555555555 0.10157986111111113 0.08409722222222218
0 0.3867534722222222 0.3870138888888889 0.07393518518518513 0.0727256944444445
0 0.523894675925926 0.4336805555555555 0.05495370370370374 0.06407986111111122
0 0.18226273148148148 0.4372222222222222 0.11045138888888886 0.09385416666666657
0 0.38512152777777775 0.48993055555555554 0.07956597222222221 0.07843750000000008
0 0.532806712962963 0.5238020833333333 0.05973379629629623 0.06741319444444435
0 0.1636111111111111 0.5713715277777778 0.11851851851851851 0.10279513888888872
0 0.3830092592592592 0.6029687499999999 0.08602430555555554 0.08574652777777772
0 0.5404571759259259 0.6240104166666667 0.06304398148148138 0.07380208333333335