0 0.0703125 0.265625 0.04765625 0.0375
0 0.25859375 0.28828125 0.0453125 0.03359375
0 0.24765625 0.36953125 0.09375 0.07265625
0 0.04921875 0.34765625 0.09453125 0.0734375
0 0.428125 0.31015625 0.0359375 0.03125
0 0.42734375 0.38515625 0.0796875 0.06953125
0 0.2328125 0.47578125 0.096875 0.07890625
0 0.425 0.4875 0.08359375 0.0765625
0 0.034375 0.46015625 0.06796875 0.0921875
0 0.2109375 0.6 0.10546875 0.0984375
0 0.42265625 0.603125 0.0921875 0.08828125
0 0.01640625 0.584375 0.0328125 0.08046875