0 0.49396412037037035 0.2527256944444444 0.039583333333333394 0.03718171296296298
0 0.6557175925925927 0.24668402777777781 0.039560185185185226 0.03561921296296298
0 0.8103472222222223 0.23475694444444445 0.03720486111111114 0.03471643518518519
0 0.49907407407407406 0.3337731481481481 0.08228009259259253 0.07374421296296294
0 0.6654571759259259 0.3235821759259259 0.07836226851851862 0.07276041666666666
0 0.8318171296296295 0.3118287037037037 0.0775462962962962 0.07037615740740737
0 0.5052430555555556 0.4335300925925926 0.07838541666666661 0.07432291666666657
0 0.6826099537037036 0.4258969907407407 0.07837384259259253 0.07354166666666657
0 0.5093576388888889 0.5529398148148148 0.08251157407407402 0.08936921296296312
0 0.8606770833333333 0.41275462962962967 0.07843171296296277 0.07744791666666657
0 0.6991319444444445 0.5384085648148147 0.08793402777777785 0.08652777777777772
0 0.8912847222222222 0.526099537037037 0.08637152777777786 0.0864467592592593