0 0.19972222222222222 0.2342013888888889 0.04660300925925922 0.03539930555555557
0 0.37378472222222225 0.3013715277777778 0.03644675925925931 0.03517361111111104
0 0.5050983796296296 0.3527430555555556 0.02700231481481481 0.030277777777777803
0 0.1828587962962963 0.3174479166666667 0.09883680555555556 0.08185763888888893
0 0.36874421296296295 0.3778472222222223 0.07523726851851845 0.07039930555555554
0 0.506412037037037 0.4223263888888889 0.05478587962962962 0.06057291666666664
0 0.1631886574074074 0.4318923611111112 0.10753472222222223 0.08907986111111121
0 0.3633333333333334 0.47932291666666665 0.07766203703703703 0.075920138888889
0 0.5082175925925926 0.5114583333333333 0.05876157407407412 0.06534722222222236
0 0.13851851851851854 0.5673263888888889 0.11629050925925925 0.10020833333333332
0 0.35461226851851857 0.5932291666666666 0.0871296296296297 0.08237847222222214
0 0.5129861111111111 0.6115972222222222 0.06435763888888886 0.07406249999999996