0 0.490625 0.27890625 0.0375 0.03125
0 0.49375 0.3578125 0.07734375 0.0671875
0 0.6515625 0.2796875 0.0375 0.03046875
0 0.66171875 0.35703125 0.07578125 0.06484375
0 0.80859375 0.278125 0.03828125 0.028125
0 0.8265625 0.3546875 0.07265625 0.0640625
0 0.49765625 0.46171875 0.0828125 0.0734375
0 0.49921875 0.57890625 0.08828125 0.08515625
0 0.67578125 0.45859375 0.07890625 0.0703125
0 0.853125 0.45703125 0.0828125 0.07421875
0 0.69296875 0.575 0.0890625 0.0828125
0 0.88359375 0.571875 0.08984375 0.08359375