0 0.48984375 0.278125 0.0390625 0.03515625
0 0.6515625 0.28046875 0.0390625 0.03359375
0 0.80625 0.2765625 0.03671875 0.0328125
0 0.49375 0.359375 0.08125 0.06953125
0 0.66015625 0.3578125 0.07734375 0.06875
0 0.8265625 0.3546875 0.0765625 0.06640625
0 0.4984375 0.459375 0.07734375 0.0703125
0 0.67578125 0.4609375 0.07734375 0.06953125
0 0.50078125 0.57890625 0.08125 0.08515625
0 0.85390625 0.45703125 0.07734375 0.0734375
0 0.690625 0.57421875 0.08671875 0.08203125
0 0.8828125 0.571875 0.08515625 0.08203125