0 0.49774305555555554 0.2512847222222222 0.03865740740740744 0.033194444444444485
0 0.6587962962962963 0.2460648148148148 0.04181134259259256 0.03413773148148156
0 0.8150173611111111 0.23718171296296298 0.03862847222222214 0.03241319444444439
0 0.5038773148148148 0.3323726851851852 0.08070023148148149 0.07358217592592595
0 0.6710358796296296 0.32292245370370376 0.08067129629629619 0.07280092592592595
0 0.510792824074074 0.4345543981481482 0.0848668981481481 0.08081597222222214
0 0.6881655092592592 0.4261400462962962 0.08556134259259256 0.07851273148148152
0 0.8358217592592592 0.3128125 0.07980324074074048 0.07041666666666666
0 0.8653356481481481 0.41225694444444444 0.08550347222222214 0.07695023148148153
0 0.5197337962962962 0.5491550925925927 0.08666087962962958 0.0871469907407409
0 0.7072916666666667 0.5409953703703703 0.09534143518518512 0.08993634259259267
0 0.8993055555555556 0.5263425925925926 0.09059606481481489 0.0881307870370371