0 0.4016203703703704 0.5120138888888889 0.020746527777777857 0.017274305555555536
0 0.47853009259259255 0.5132986111111111 0.01834490740740726 0.016388888888888786
0 0.5482928240740741 0.5133333333333333 0.016840277777777857 0.017100694444444287
0 0.403125 0.5534895833333333 0.03764467592592595 0.03515625
0 0.4807002314814815 0.5531770833333333 0.03602430555555554 0.0343055555555555
0 0.5519675925925925 0.5523611111111111 0.03362268518518512 0.03342013888888893
0 0.40381944444444445 0.6051909722222222 0.03943865740740744 0.0383506944444445
0 0.40402199074074074 0.6608333333333334 0.04117476851851851 0.04076388888888882
0 0.4827835648148149 0.6024652777777778 0.04010416666666679 0.03682291666666657
0 0.4868344907407408 0.6571527777777778 0.03793402777777786 0.0390625
0 0.56328125 0.6521874999999999 0.037818287037037025 0.0375