0 0.07311921296296296 0.27185763888888886 0.04640046296296296 0.04243055555555557
0 0.24390625000000005 0.3321354166666667 0.04167824074074069 0.03763888888888891
0 0.2327025462962963 0.4019270833333334 0.07784722222222218 0.06968750000000004
0 0.05181712962962962 0.34968750000000004 0.09667824074074075 0.08104166666666668
0 0.04168402777777778 0.45852430555555557 0.07638310185185185 0.08293402777777778
0 0.3731655092592593 0.37692708333333336 0.02835648148148149 0.031874999999999966
0 0.3697222222222222 0.43951388888888887 0.05199652777777786 0.05973958333333336
0 0.22089120370370371 0.4951736111111111 0.0786458333333333 0.07204861111111108
0 0.36563078703703705 0.5200868055555555 0.05671296296296298 0.06374999999999993
0 0.20760995370370372 0.6009548611111111 0.08104166666666668 0.07913194444444435
0 0.36239583333333336 0.6107986111111111 0.06378472222222217 0.06937499999999996
0 0.02853587962962963 0.5822743055555556 0.04910879629629629 0.09170138888888886