0 0.5137905092592593 0.5224131944444445 0.016892361111111143 0.017135416666666715
0 0.5833680555555556 0.5208854166666667 0.018431712962962976 0.016423611111111215
0 0.6527604166666666 0.5131076388888889 0.01762731481481481 0.015607638888888786
0 0.5164872685185186 0.560625 0.03141782407407412 0.03338541666666668
0 0.5860185185185186 0.5575347222222222 0.035370370370370455 0.035121527777777925
0 0.6569965277777777 0.5504687500000001 0.032199074074074116 0.03342013888888893
0 0.5195081018518518 0.6097743055555556 0.03300347222222229 0.034236111111111
0 0.5913368055555555 0.6050173611111112 0.035370370370370455 0.03512152777777775
0 0.5233564814814814 0.6604513888888889 0.03385416666666678 0.03661458333333343
0 0.597482638888889 0.6540277777777778 0.03456597222222228 0.0343055555555555
0 0.664681712962963 0.5986284722222223 0.03302662037037045 0.035017361111111
0 0.6731944444444444 0.6483159722222223 0.03456597222222228 0.0343055555555555