0 0.18634259259259262 0.21302083333333335 0.05 0.0453125
0 0.3572048611111111 0.2677083333333333 0.03692129629629628 0.036666666666666715
0 0.48637152777777776 0.3080729166666667 0.029600694444444464 0.03229166666666661
0 0.34696180555555556 0.34302083333333333 0.07870370370370364 0.07598958333333332
0 0.16597222222222222 0.29911458333333335 0.10182291666666665 0.08375000000000003
0 0.48284143518518513 0.37671875000000005 0.06004050925925917 0.06541666666666668
0 0.33619791666666665 0.4463541666666667 0.08206018518518521 0.07932291666666665
0 0.1369212962962963 0.4184375 0.11412037037037037 0.09234375000000003
0 0.10581597222222223 0.5549999999999999 0.12358217592592595 0.10463541666666672
0 0.3213831018518518 0.5623958333333333 0.09123263888888893 0.08770833333333332
0 0.480931712962963 0.46546875 0.06195023148148149 0.07020833333333343
0 0.47887731481481477 0.5666666666666667 0.06469907407407405 0.07583333333333328