0 0.1960648148148148 0.2265625 0.04972222222222222 0.03984375
0 0.3676215277777778 0.29296875 0.03607638888888891 0.0328125
0 0.49796296296296294 0.340625 0.028101851851851833 0.0296875
0 0.3613078703703704 0.36953125 0.0755208333333334 0.0703125
0 0.4951388888888889 0.41015625 0.058668981481481454 0.06171875
0 0.17754629629629629 0.3125 0.10088541666666666 0.07734375
0 0.15420138888888887 0.43125 0.11313078703703705 0.0875
0 0.3521354166666667 0.47109375 0.08037037037037038 0.0734375
0 0.49516782407407406 0.5 0.06031250000000003 0.06328125
0 0.12461805555555557 0.56484375 0.12068865740740745 0.09765625
0 0.3392708333333333 0.58359375 0.08928819444444444 0.0796875
0 0.4970138888888888 0.6 0.06458333333333321 0.0703125