0 0.1285474537037037 0.25604745370370374 0.043917824074074074 0.03362268518518512
0 0.3102372685185185 0.2776041666666667 0.03925347222222229 0.034230324074074045
0 0.47703703703703704 0.29704861111111114 0.03605902777777779 0.031770833333333304
0 0.11379050925925926 0.3374421296296296 0.08951388888888889 0.07120949074074075
0 0.3055671296296296 0.35703125 0.08556134259259256 0.0695023148148148
0 0.4808680555555556 0.3736689814814815 0.07614004629629641 0.06759259259259257
0 0.09368634259259259 0.44907407407407407 0.09613425925925927 0.08394097222222215
0 0.30016782407407405 0.464525462962963 0.09289351851851854 0.0799189814814815
0 0.4870717592592593 0.4776909722222221 0.08340277777777771 0.07566550925925916
0 0.07087384259259259 0.5746527777777778 0.10351273148148148 0.09592013888888892
0 0.29125578703703703 0.58515625 0.09721643518518519 0.09412615740740744
0 0.4920138888888889 0.5918113425925926 0.08843749999999986 0.08755787037037024