0 0.5492650462962964 0.5050636574074074 0.01976851851851862 0.017881944444444287
0 0.6260590277777778 0.49832175925925926 0.02045717592592595 0.016348379629629584
0 0.7060706018518518 0.48990162037037044 0.01976851851851862 0.017881944444444287
0 0.6283854166666667 0.5379918981481481 0.040271990740740726 0.03501157407407405
0 0.5492939814814815 0.5440393518518519 0.03710069444444457 0.03411458333333321
0 0.7098668981481482 0.531076388888889 0.038709490740740725 0.034953703703703806
0 0.6323611111111112 0.5892939814814815 0.03815972222222221 0.038831018518518515
0 0.551707175925926 0.5953993055555555 0.038802083333333216 0.03651620370370381
0 0.5531076388888889 0.6506944444444445 0.03907986111111121 0.04120370370370381
0 0.6361053240740742 0.6445023148148148 0.04206597222222221 0.038975694444444466
0 0.7161400462962962 0.5830729166666667 0.04197337962962955 0.037413194444444464
0 0.7245717592592593 0.6381076388888889 0.03967592592592588 0.03810763888888893