0 0.49140625 0.2978877314814815 0.03828125 0.03344907407407405
0 0.65234375 0.30228587962962966 0.0375 0.03185763888888893
0 0.49296875 0.37450810185185185 0.07734375 0.0684895833333333
0 0.66171875 0.3807581018518518 0.07578125 0.07077546296296297
0 0.80859375 0.3080729166666667 0.0359375 0.03023726851851851
0 0.8265625 0.38530092592592596 0.07421875 0.06837384259259256
0 0.496875 0.48012152777777783 0.08359375 0.07653356481481488
0 0.50078125 0.5982349537037036 0.08359375 0.08590856481481488
0 0.6765625 0.4852141203703704 0.0828125 0.07806712962962976
0 0.6921875 0.6014178240740741 0.090625 0.08851273148148149
0 0.853125 0.48784722222222215 0.08125 0.07566550925925916
0 0.88359375 0.6038194444444445 0.08984375 0.0853587962962962