0 0.49140625 0.2796875 0.03828125 0.03203125
0 0.65234375 0.278125 0.0375 0.03046875
0 0.49296875 0.35625 0.07734375 0.065625
0 0.66171875 0.35625 0.07578125 0.06796875
0 0.80859375 0.278125 0.0359375 0.02890625
0 0.8265625 0.3546875 0.07421875 0.065625
0 0.496875 0.46171875 0.08359375 0.0734375
0 0.50078125 0.5796875 0.08359375 0.0828125
0 0.6765625 0.46015625 0.0828125 0.075
0 0.6921875 0.57578125 0.090625 0.08515625
0 0.853125 0.45625 0.08125 0.07265625
0 0.88359375 0.57109375 0.08984375 0.08203125