0 0.4968229166666667 0.27890625 0.03819444444444429 0.03125
0 0.5017013888888888 0.3578125 0.0788368055555555 0.0671875
0 0.6577777777777778 0.2796875 0.03817708333333343 0.03046875
0 0.6696527777777778 0.35703125 0.07722222222222222 0.06484375
0 0.8147743055555555 0.278125 0.03890625000000014 0.028125
0 0.8344444444444445 0.3546875 0.074079861111111 0.0640625
0 0.5079166666666667 0.46171875 0.0844444444444445 0.0734375
0 0.5120833333333333 0.57890625 0.09017361111111111 0.08515625
0 0.6859722222222222 0.45859375 0.08046875 0.0703125
0 0.86328125 0.45703125 0.08446180555555571 0.07421875
0 0.7057465277777778 0.575 0.09090277777777764 0.0828125
0 0.8963020833333333 0.571875 0.09170138888888886 0.08359375