0 0.39333333333333337 0.29712962962962963 0.04041666666666668 0.03401620370370377
0 0.38807291666666666 0.37603587962962964 0.08109374999999996 0.07193865740740737
0 0.5515104166666667 0.32336226851851857 0.03640624999999993 0.0322511574074074
0 0.55109375 0.40016782407407414 0.07552083333333322 0.0700925925925926
0 0.6936979166666667 0.34249421296296295 0.03390625000000007 0.02978587962962962
0 0.7013541666666667 0.41579861111111105 0.07281250000000003 0.0645023148148148
0 0.38020833333333337 0.48224537037037035 0.08859374999999999 0.07933449074074073
0 0.3701041666666667 0.5985300925925927 0.09302083333333329 0.0873495370370371
0 0.5530208333333333 0.5006134259259258 0.0796875 0.07420138888888879
0 0.7120312500000001 0.5143460648148148 0.07333333333333343 0.0723148148148148
0 0.5549479166666667 0.612818287037037 0.08828125 0.08632523148148152
0 0.7290104166666668 0.6241956018518519 0.08171874999999992 0.08131365740740755