0 0.1997800925925926 0.21976273148148148 0.04516782407407405 0.04428819444444443
0 0.3745775462962963 0.2809606481481482 0.035688657407407474 0.036979166666666605
0 0.5058680555555556 0.3270486111111111 0.026244212962962976 0.032013888888888876
0 0.36952546296296296 0.3584201388888889 0.07207754629629637 0.06851273148148147
0 0.18365162037037036 0.3069212962962963 0.09723958333333335 0.08019097222222218
0 0.505619212962963 0.39655671296296297 0.057945601851851866 0.06340856481481474
0 0.16317708333333333 0.42388310185185185 0.1098553240740741 0.08837384259259266
0 0.3656655092592593 0.4608333333333333 0.07608796296296294 0.07565972222222221
0 0.5081828703703704 0.48706597222222225 0.05878472222222229 0.0673379629629629
0 0.14004629629629628 0.5620081018518519 0.11943865740740742 0.10271412037037031
0 0.3592766203703704 0.5758159722222222 0.08166087962962969 0.08285300925925938
0 0.514537037037037 0.5852719907407408 0.06119791666666678 0.0720949074074074