0 0.4608796296296296 0.49419560185185185 0.016666666666666784 0.014988425925925952
0 0.46050347222222215 0.5310532407407408 0.03512731481481488 0.03319444444444457
0 0.5299189814814815 0.49436342592592586 0.016666666666666607 0.014988425925925952
0 0.531712962962963 0.5337037037037037 0.03440393518518512 0.033929398148148236
0 0.5996238425925926 0.4961400462962963 0.017505787037037025 0.015815972222222287
0 0.5999710648148149 0.5338252314814815 0.03590856481481488 0.033240740740740723
0 0.602025462962963 0.5802430555555556 0.03446180555555554 0.03471064814814806
0 0.5306423611111111 0.5799363425925926 0.03614004629629619 0.036365740740740726
0 0.459375 0.5780671296296296 0.03709490740740744 0.03875578703703688
0 0.458130787037037 0.6266435185185185 0.036979166666666605 0.03719328703703706
0 0.5310185185185186 0.627824074074074 0.04166666666666661 0.03747106481481488
0 0.6039641203703704 0.6282233796296296 0.040885416666666785 0.037424768518518545