0 0.06501736111111112 0.27133101851851854 0.04701388888888889 0.04277199074074076
0 0.23390624999999998 0.33034722222222224 0.04222222222222225 0.03794560185185185
0 0.2206423611111111 0.40022569444444445 0.07885416666666671 0.07026041666666671
0 0.04517361111111111 0.34932291666666665 0.09034722222222222 0.08175347222222218
0 0.033433159722222223 0.4582407407407407 0.06686631944444445 0.08349537037037039
0 0.36175347222222226 0.37418402777777776 0.028819444444444463 0.03208333333333328
0 0.3564583333333333 0.4367997685185185 0.052864583333333395 0.06012152777777775
0 0.20607638888888888 0.49356481481481485 0.0796875 0.07262731481481488
0 0.34998263888888886 0.5174074074074074 0.05763888888888893 0.06416666666666657
0 0.1896701388888889 0.5994502314814815 0.08218750000000004 0.0797280092592592
0 0.3440625 0.6081481481481481 0.06479166666666672 0.06984375000000007
0 0.018246527777777778 0.5820949074074073 0.036493055555555556 0.09206018518518526