0 0.21620370370370373 0.21270833333333333 0.049131944444444464 0.043020833333333286
0 0.3936631944444444 0.2674479166666667 0.03559027777777777 0.035104166666666714
0 0.5282407407407408 0.30625 0.027662037037037023 0.031458333333333324
0 0.3941550925925926 0.3441666666666667 0.0744791666666667 0.07510416666666667
0 0.5315972222222223 0.3757291666666666 0.057754629629629586 0.06541666666666668
0 0.2053240740740741 0.29958333333333337 0.0997395833333333 0.08380208333333332
0 0.19253472222222223 0.41947916666666674 0.11183449074074074 0.09473958333333332
0 0.3940104166666667 0.44598958333333333 0.07928240740740744 0.07854166666666665
0 0.5396122685185185 0.4652604166666666 0.059375 0.06708333333333343
0 0.17482638888888888 0.5545833333333332 0.11924189814814819 0.10536458333333343
0 0.3911458333333333 0.5589583333333333 0.08810763888888892 0.08536458333333333
0 0.5503472222222222 0.5647916666666667 0.06354166666666661 0.07437499999999986