0 0.203125 0.2342013888888889 0.04609375 0.03539930555555557
0 0.378125 0.3013715277777778 0.0359375 0.03517361111111104
0 0.51015625 0.3527430555555556 0.0265625 0.030277777777777803
0 0.1875 0.3174479166666667 0.09765625 0.08185763888888893
0 0.37421875 0.3778472222222223 0.07421875 0.07039930555555554
0 0.5125 0.4223263888888889 0.05390625 0.06057291666666664
0 0.16953125 0.4318923611111112 0.10625 0.08907986111111121
0 0.3703125 0.47932291666666665 0.0765625 0.075920138888889
0 0.515625 0.5114583333333333 0.0578125 0.06534722222222236
0 0.146875 0.5673263888888889 0.11484375 0.10020833333333332
0 0.36328125 0.5932291666666666 0.0859375 0.08237847222222214
0 0.521875 0.6115972222222222 0.06328125 0.07406249999999996