0 0.2148321759259259 0.23330439814814813 0.04675925925925926 0.044618055555555536
0 0.39405671296296296 0.3062210648148148 0.03701967592592599 0.037239583333333395
0 0.5286805555555556 0.36111111111111105 0.027401620370370416 0.03220486111111107
0 0.3941608796296296 0.3834201388888889 0.07453703703703703 0.06903935185185181
0 0.20448495370370373 0.31947337962962963 0.10010416666666666 0.08090277777777777
0 0.5330671296296297 0.4306712962962963 0.060231481481481455 0.06383101851851851
0 0.19177083333333333 0.43518518518518523 0.11300925925925927 0.08917824074074066
0 0.3971238425925926 0.48567708333333337 0.07880787037037038 0.07621527777777785
0 0.5416724537037038 0.5214409722222222 0.061215277777777646 0.06776620370370363
0 0.17780671296296297 0.5719039351851852 0.12311342592592593 0.10358796296296298
0 0.3983912037037037 0.6003472222222223 0.08464120370370373 0.08344907407407405
0 0.5545891203703703 0.620167824074074 0.0638020833333334 0.07254050925925917