0 0.4731597222222222 0.2440625 0.039120370370370236 0.03375000000000004
0 0.6339351851851852 0.2364583333333333 0.04228587962962962 0.03473958333333336
0 0.7902256944444443 0.22526041666666669 0.03907986111111121 0.03296875000000003
0 0.47207175925925926 0.32510416666666664 0.08173032407407418 0.07473958333333339
0 0.6392997685185186 0.31317708333333333 0.08168981481481481 0.07395833333333339
0 0.4698900462962963 0.42723958333333334 0.08600115740740737 0.08203125
0 0.647193287037037 0.41619791666666667 0.08666087962962958 0.07973958333333328
0 0.804224537037037 0.30062500000000003 0.08078703703703702 0.07156250000000001
0 0.8247800925925926 0.39968750000000003 0.086579861111111 0.07817708333333329
0 0.4686226851851852 0.5417708333333333 0.08788773148148152 0.08838541666666658
0 0.6560416666666666 0.5308333333333334 0.09660300925925931 0.09130208333333342
0 0.8484722222222221 0.5133333333333333 0.0918344907407409 0.08942708333333335