0 0.48572337962962964 0.30352430555555554 0.039583333333333394 0.03718171296296298
0 0.6474074074074074 0.3142534722222222 0.039560185185185226 0.03561921296296298
0 0.8021527777777777 0.3183680555555556 0.03720486111111114 0.03471643518518519
0 0.48842592592592593 0.3849768518518519 0.08228009259259253 0.07374421296296294
0 0.6548553240740741 0.3920428240740741 0.07836226851851862 0.07276041666666666
0 0.8213078703703705 0.3975462962962963 0.0775462962962962 0.07037615740740737
0 0.49163194444444447 0.4852199074074074 0.07838541666666661 0.07432291666666657
0 0.6689525462962964 0.49597800925925933 0.07837384259259253 0.07354166666666657
0 0.4922048611111111 0.6048726851851851 0.08251157407407402 0.08936921296296312
0 0.8471354166666668 0.5013078703703704 0.07843171296296277 0.07744791666666657
0 0.6821180555555555 0.6100289351851853 0.08793402777777785 0.08652777777777772
0 0.8743402777777778 0.617650462962963 0.08637152777777786 0.0864467592592593