0 0.06834490740740741 0.2703125 0.04793402777777778 0.04067708333333338
0 0.25645833333333334 0.30552083333333335 0.04556134259259252 0.03661458333333334
0 0.24491898148148147 0.38604166666666667 0.09428819444444443 0.07890625
0 0.047090567129629626 0.3509375 0.09418113425925925 0.07973958333333328
0 0.4258275462962963 0.33869791666666665 0.03616898148148149 0.033645833333333285
0 0.4244907407407408 0.4136458333333334 0.08020254629629626 0.07484374999999996
0 0.22928819444444443 0.49130208333333336 0.09745949074074076 0.08536458333333333
0 0.42138888888888887 0.5158333333333334 0.08416087962962955 0.08213541666666657
0 0.032646122685185186 0.46244791666666674 0.06529224537037037 0.09671875000000014
0 0.20649305555555558 0.6140625 0.10619791666666671 0.10546875
0 0.4181886574074074 0.6313020833333333 0.09284143518518526 0.09442708333333343
0 0.014390914351851853 0.58546875 0.028781828703703705 0.08265624999999996