0 0.5125289351851852 0.4428298611111111 0.016145833333333214 0.014756944444444465
0 0.5162326388888889 0.47944444444444445 0.03396990740740726 0.03270833333333343
0 0.5811342592592592 0.4358680555555556 0.016145833333333394 0.014756944444444465
0 0.5872685185185185 0.47472222222222216 0.03321759259259256 0.033454861111111
0 0.6505787037037037 0.43043402777777773 0.016956018518518513 0.015572916666666714
0 0.6550925925925926 0.4677951388888889 0.034751157407407265 0.0327430555555555
0 0.6622685185185185 0.5136458333333334 0.033246527777777854 0.034236111111111
0 0.5913194444444445 0.5207118055555556 0.0348668981481481 0.0358680555555555
0 0.5203125 0.5262152777777778 0.03573495370370363 0.03824652777777775
0 0.5244502314814815 0.5745486111111111 0.035677083333333394 0.03668402777777775
0 0.5969907407407408 0.5681944444444444 0.04036458333333339 0.03689236111111107
0 0.6695023148148149 0.5610590277777778 0.039583333333333214 0.036857638888889