0 0.4219328703703704 0.25138310185185186 0.039467592592592735 0.03429976851851855
0 0.42485532407407406 0.3302893518518519 0.07907986111111107 0.0725057870370371
0 0.5819733796296296 0.25990740740740736 0.035503472222222145 0.03250578703703706
0 0.5894965277777778 0.33619212962962963 0.07355324074074084 0.07061921296296295
0 0.7253761574074075 0.26315393518518515 0.033072916666666785 0.03002314814814815
0 0.7405671296296296 0.3350694444444445 0.07100694444444429 0.06501157407407412
0 0.42800925925925926 0.43658564814814815 0.08637152777777786 0.07995370370370374
0 0.4299768518518519 0.553130787037037 0.09056712962962976 0.08799768518518522
0 0.6017939814814814 0.43568287037037035 0.07760416666666661 0.07475694444444443
0 0.7613715277777778 0.43170717592592595 0.07129629629629619 0.07282407407407412
0 0.615306712962963 0.5468460648148148 0.08585069444444446 0.0869386574074074
0 0.7896122685185185 0.5388657407407408 0.07942708333333322 0.08188078703703709