0 0.10432291666666667 0.2596354166666667 0.04510416666666668 0.03489583333333339
0 0.2845833333333333 0.2865625 0.04046874999999996 0.035364583333333324
0 0.45010416666666664 0.3109375 0.03718749999999993 0.0328125
0 0.08166666666666667 0.34052083333333333 0.09203125000000001 0.07380208333333335
0 0.27223958333333337 0.36578125 0.0880208333333334 0.07197916666666666
0 0.44656250000000003 0.38760416666666664 0.07854166666666665 0.06979166666666661
0 0.05072916666666667 0.45145833333333335 0.09911458333333334 0.08671875
0 0.25645833333333334 0.47302083333333333 0.09572916666666664 0.08260416666666667
0 0.44276041666666666 0.49171875 0.08609375000000004 0.07807291666666671
0 0.03459635416666666 0.5762499999999999 0.06919270833333332 0.09890624999999993
0 0.23588541666666668 0.59328125 0.10057291666666668 0.09692708333333329
0 0.43671875 0.6058854166666666 0.09156250000000003 0.09010416666666679