0 0.03740740740740741 0.21748842592592593 0.046649305555555555 0.03784143518518519
0 0.23306134259259262 0.2486284722222222 0.04344328703703706 0.032349537037037024
0 0.40844907407407405 0.2764930555555556 0.037962962962962976 0.03152777777777782
0 0.030037615740740743 0.30570601851851853 0.060075231481481486 0.07313078703703706
0 0.22010416666666668 0.3321354166666667 0.09013888888888885 0.07331597222222222
0 0.40414351851851854 0.3561574074074074 0.07912037037037027 0.06776620370370363
0 0.40185763888888887 0.4577141203703704 0.08232638888888885 0.0732581018518518
0 0.20283564814814814 0.44295717592592593 0.09568865740740744 0.07882523148148142
0 0.013593749999999998 0.4188715277777778 0.027187499999999996 0.07836805555555557
0 0.18223379629629627 0.5678182870370371 0.10604166666666667 0.09218171296296304
0 0.3969965277777778 0.5748784722222222 0.09026620370370378 0.08190972222222222