0 0.07228009259259259 0.2682291666666667 0.04793402777777778 0.03926504629629637
0 0.2607291666666667 0.2978587962962963 0.04556134259259252 0.03527199074074074
0 0.25039351851851854 0.3787037037037037 0.09428819444444443 0.07612847222222215
0 0.051793981481481476 0.3494791666666667 0.09507523148148149 0.07693865740740743
0 0.4304224537037037 0.32601273148148147 0.03616898148148149 0.03258101851851851
0 0.4301967592592593 0.40098379629629627 0.08020254629629626 0.07248263888888892
0 0.23633680555555556 0.4844039351851852 0.09745949074074076 0.08249421296296297
0 0.42861111111111116 0.5032407407407408 0.08416087962962955 0.07965856481481488
0 0.03778356481481481 0.4614293981481481 0.06865162037037037 0.09470486111111107
0 0.21538194444444442 0.6078125 0.10619791666666671 0.10234375
0 0.4271238425925926 0.6187789351851851 0.09284143518518526 0.09169560185185191
0 0.020734953703703703 0.5849826388888889 0.033408564814814815 0.08168402777777786