0 0.203125 0.22890625 0.04609375 0.03671875
0 0.378125 0.29375 0.03671875 0.03359375
0 0.5109375 0.34296875 0.02734375 0.0296875
0 0.18828125 0.3140625 0.09921875 0.0796875
0 0.37578125 0.3703125 0.071875 0.06953125
0 0.51171875 0.4109375 0.053125 0.06171875
0 0.16953125 0.4296875 0.1078125 0.0890625
0 0.37109375 0.4734375 0.07734375 0.075
0 0.51796875 0.50078125 0.0578125 0.06484375
0 0.146875 0.56484375 0.115625 0.09765625
0 0.365625 0.58671875 0.08359375 0.08203125
0 0.52265625 0.60078125 0.0609375 0.07109375