0 0.58046875 0.5265625 0.01875 0.0171875
0 0.65703125 0.52265625 0.01953125 0.015625
0 0.73671875 0.5171875 0.01875 0.0171875
0 0.66171875 0.5625 0.03828125 0.03359375
0 0.5828125 0.565625 0.03515625 0.0328125
0 0.74296875 0.55859375 0.03671875 0.03359375
0 0.66875 0.6140625 0.0359375 0.0375
0 0.58828125 0.6171875 0.03671875 0.03515625
0 0.59296875 0.67265625 0.03671875 0.03984375
0 0.67578125 0.66953125 0.03984375 0.0375
0 0.75234375 0.6109375 0.03984375 0.0359375
0 0.7640625 0.66640625 0.0375 0.03671875