0 0.5882696759259259 0.4964641203703703 0.019004629629629656 0.018159722222222285
0 0.6647743055555556 0.4885879629629629 0.01976273148148149 0.01663773148148149
0 0.744380787037037 0.4789872685185186 0.019004629629629656 0.018159722222222285
0 0.6700520833333334 0.5281886574074074 0.03877893518518505 0.0355787037037036
0 0.5911921296296296 0.5354050925925925 0.035642361111111145 0.034635416666666786
0 0.751244212962963 0.5200694444444445 0.03721643518518523 0.03549768518518519
0 0.6778472222222222 0.579386574074074 0.03649305555555564 0.03936342592592581
0 0.5974247685185186 0.5866840277777777 0.037239583333333395 0.03706018518518519
0 0.6029340277777777 0.6419097222222222 0.03730902777777771 0.04174768518518519
0 0.6857002314814815 0.6344907407407407 0.04039930555555564 0.039565972222222176
0 0.7613946759259259 0.5719270833333333 0.04037615740740748 0.038003472222222355
0 0.7739351851851852 0.6267881944444444 0.03804398148148138 0.038663194444444396