0 0.26404513888888886 0.25589120370370366 0.05472222222222225 0.037511574074074086
0 0.49229166666666674 0.2639525462962963 0.05223958333333343 0.034317129629629586
0 0.6980902777777778 0.2679976851851852 0.0468055555555555 0.034936342592592595
0 0.26001736111111107 0.3465162037037037 0.11671875000000007 0.08070023148148149
0 0.49703125000000004 0.3504166666666667 0.1047569444444445 0.07488425925925926
0 0.7076909722222222 0.35041666666666665 0.09208333333333343 0.07060763888888885
0 0.25633680555555555 0.4644386574074074 0.12083333333333339 0.08550347222222214
0 0.5007638888888889 0.45953703703703697 0.10730902777777782 0.07964120370370367
0 0.7186284722222223 0.45542245370370366 0.09541666666666657 0.07538773148148152
0 0.24914930555555553 0.5910474537037037 0.12586805555555552 0.09345486111111115
0 0.5064583333333333 0.577181712962963 0.10911458333333339 0.08515625
0 0.7331944444444444 0.5665625000000001 0.09956597222222215 0.08097222222222236