0 0.3696701388888889 0.4446354166666667 0.033373842592592594 0.02455439814814824
0 0.36831597222222223 0.5006076388888889 0.06693287037037035 0.0522337962962963
0 0.505613425925926 0.4659259259259259 0.03171874999999993 0.022899305555555572
0 0.5071064814814814 0.5173958333333333 0.06274884259259253 0.04731481481481481
0 0.6305266203703704 0.4850057870370371 0.03015624999999993 0.022806712962962904
0 0.6358333333333334 0.535144675925926 0.05640625000000003 0.0453819444444445
0 0.3661863425925926 0.5697685185185185 0.07162037037037035 0.05251157407407412
0 0.5103530092592592 0.585318287037037 0.0651851851851852 0.04901620370370381
0 0.6412847222222222 0.6008622685185185 0.05971643518518519 0.048692129629629655
0 0.364380787037037 0.6443981481481481 0.07189814814814817 0.05719907407407412
0 0.5123148148148149 0.6578356481481482 0.06707175925925916 0.0545775462962963
0 0.6493576388888889 0.6714062500000001 0.06463541666666668 0.052876157407407476