0 0.36889467592592595 0.27956597222222224 0.031209490740740798 0.02545138888888889
0 0.5146932870370371 0.2610069444444444 0.03513888888888879 0.02629050925925931
0 0.36552662037037037 0.3405266203703704 0.062418981481481416 0.05090277777777778
0 0.5104050925925926 0.32666666666666666 0.07110532407407408 0.054155092592592616
0 0.6800925925925926 0.23981481481481484 0.03833333333333329 0.028680555555555553
0 0.6772511574074074 0.3093576388888889 0.07981481481481474 0.05818865740740744
0 0.3585243055555556 0.4187210648148148 0.06565972222222224 0.05485532407407412
0 0.35315393518518523 0.49454861111111115 0.06485532407407409 0.054062500000000034
0 0.5072627314814815 0.4063657407407407 0.07032407407407408 0.05414351851851844
0 0.5032233796296296 0.48998263888888893 0.0767129629629629 0.05892361111111111
0 0.6754861111111111 0.3952835648148148 0.08144675925925923 0.060555555555555605
0 0.6728935185185185 0.4827835648148149 0.08379050925925924 0.060590277777777854