0 0.27890625 0.28637152777777775 0.0484375 0.04108796296296298
0 0.509375 0.2505497685185185 0.053125 0.04299768518518521
0 0.7609375 0.21004050925925927 0.059375 0.047366898148148096
0 0.2703125 0.3838831018518518 0.1 0.08396990740740744
0 0.503125 0.3517939814814815 0.11171875 0.09108796296296298
0 0.76171875 0.31623263888888886 0.12109375 0.09725115740740745
0 0.2609375 0.5041087962962962 0.10234375 0.08883101851851852
0 0.49765625 0.47798032407407404 0.11484375 0.09366319444444446
0 0.7640625 0.44652777777777775 0.125 0.09910300925925934
0 0.24921875 0.6331018518518519 0.10625 0.09615162037037024
0 0.49453125 0.6102430555555556 0.11328125 0.09979745370370381
0 0.76484375 0.5863136574074075 0.12890625 0.10564236111111107