0 0.3203125 0.221875 0.05234375 0.0328125
0 0.54140625 0.24375 0.04765625 0.0328125
0 0.740625 0.2625 0.0421875 0.03125
0 0.31875 0.3078125 0.11015625 0.07265625
0 0.5484375 0.3265625 0.09921875 0.06875
0 0.75390625 0.33984375 0.08671875 0.06484375
0 0.31875 0.4203125 0.11484375 0.078125
0 0.55703125 0.43203125 0.0984375 0.07421875
0 0.76796875 0.440625 0.08984375 0.06953125
0 0.31640625 0.54140625 0.1203125 0.08515625
0 0.565625 0.54609375 0.10546875 0.08125
0 0.7859375 0.54921875 0.0953125 0.075