0 0.3654513888888889 0.5972800925925925 0.028888888888888874 0.026614583333333285
0 0.4840856481481481 0.6047048611111111 0.028888888888888787 0.026614583333333285
0 0.3596006944444444 0.662789351851852 0.05706597222222225 0.05554976851851841
0 0.48216435185185186 0.6695486111111111 0.05554976851851841 0.05706597222222225
0 0.6003993055555557 0.6112789351851852 0.028107638888888786 0.02659143518518512
0 0.6024074074074074 0.6754571759259259 0.053136574074073906 0.05465277777777775
0 0.35321759259259256 0.746267361111111 0.06193865740740741 0.06193865740740741
0 0.34582175925925923 0.8375347222222222 0.06368634259259257 0.06823495370370374
0 0.4797106481481482 0.752361111111111 0.05957175925925924 0.061087962962962906
0 0.4786342592592593 0.8414699074074073 0.06210069444444457 0.0674074074074074
0 0.6054456018518518 0.757650462962963 0.0571122685185184 0.0571122685185184
0 0.608275462962963 0.846875 0.06046875000000007 0.06501736111111107