0 0.3872858796296296 0.26316550925925924 0.03040509259259263 0.025758101851851834
0 0.5329398148148148 0.24074652777777777 0.03516203703703695 0.028344907407407405
0 0.6964467592592593 0.21348958333333332 0.04067708333333329 0.030190972222222178
0 0.3860127314814815 0.3258275462962963 0.06163773148148151 0.05311921296296296
0 0.5325405092592593 0.30649305555555556 0.07034722222222207 0.05747106481481481
0 0.6985300925925927 0.28380208333333334 0.08135416666666657 0.060381944444444446
0 0.38359375 0.4026331018518519 0.06402777777777775 0.05480324074074083
0 0.5310185185185186 0.38716435185185183 0.07110532407407408 0.05673032407407401
0 0.6995370370370371 0.3706018518518518 0.08220486111111107 0.06276620370370374
0 0.3827372685185185 0.4793576388888889 0.06483217592592591 0.055625000000000036
0 0.531886574074074 0.4692766203703703 0.07354166666666657 0.059976851851851976
0 0.7029340277777778 0.4588425925925925 0.08379050925925924 0.06362847222222215