0 0.37681134259259264 0.27719907407407407 0.0298668981481482 0.02465856481481481
0 0.5230150462962964 0.26019097222222226 0.03457175925925924 0.02707175925925931
0 0.6872164351851853 0.23901041666666667 0.0400520833333335 0.028715277777777805
0 0.37322337962962965 0.3397453703703704 0.06052662037037031 0.0508912037037037
0 0.5201851851851852 0.3258506944444445 0.06914930555555561 0.05492476851851853
0 0.6866956018518519 0.30932291666666667 0.08010416666666664 0.05743055555555552
0 0.36796875 0.41637731481481477 0.06288194444444448 0.05248842592592595
0 0.5156828703703704 0.4063773148148148 0.06992476851851848 0.054155092592592526
0 0.6844907407407408 0.3960648148148148 0.08090277777777785 0.05978587962962969
0 0.36427662037037034 0.4929861111111111 0.06366898148148152 0.05328125000000004
0 0.5135127314814815 0.4884317129629629 0.07229166666666664 0.05731481481481495
0 0.6846180555555555 0.4843344907407408 0.08247106481481481 0.060590277777777854