0 0.3871469907407407 0.5766493055555555 0.026753472222222286 0.026371527777777716
0 0.505931712962963 0.5786979166666667 0.027534722222222287 0.026388888888888927
0 0.6223611111111111 0.5792361111111111 0.025966435185185332 0.025572916666666678
0 0.5079687500000001 0.6427256944444444 0.05508680555555543 0.05512152777777786
0 0.3837326388888889 0.6431423611111111 0.05899884259259256 0.05598958333333322
0 0.626736111111111 0.6424305555555556 0.05351851851851848 0.05430555555555561
0 0.6335995370370371 0.7251041666666667 0.055891203703703776 0.05826388888888889
0 0.507013888888889 0.7247916666666667 0.05825810185185176 0.06144097222222218
0 0.3812210648148148 0.7260243055555555 0.06060185185185185 0.06149305555555564
0 0.37720486111111107 0.8167534722222222 0.05986111111111114 0.06694444444444443
0 0.5115972222222223 0.8161111111111111 0.06453703703703706 0.065486111111111
0 0.6389409722222222 0.81328125 0.057511574074074014 0.06611111111111115