0 0.3547569444444444 0.425 0.03255208333333339 0.0234375
0 0.4894097222222221 0.4375 0.03171874999999993 0.02109375
0 0.3520659722222222 0.4796875 0.07059027777777782 0.04765625
0 0.48902777777777773 0.490625 0.06196180555555557 0.04609375
0 0.6146701388888889 0.44921875 0.028576388888888894 0.0203125
0 0.6173437500000001 0.49921875 0.054913194444444355 0.0453125
0 0.3458159722222222 0.55 0.07062499999999998 0.04921875
0 0.3412152777777778 0.62421875 0.06989583333333335 0.0515625
0 0.48973958333333334 0.5578125 0.06357638888888886 0.0484375
0 0.4889930555555555 0.6296875 0.06598958333333335 0.0515625
0 0.6219270833333332 0.56484375 0.057239583333333496 0.04453125
0 0.6258333333333334 0.63515625 0.05814236111111111 0.05