0 0.3676678240740741 0.36791087962962965 0.03246527777777786 0.025057870370370328
0 0.5131134259259259 0.34783564814814816 0.035671296296296263 0.026782407407407404
0 0.6724594907407407 0.32390625 0.04048032407407405 0.029369212962962975
0 0.3668807870370371 0.42826967592592596 0.06665509259259253 0.053321759259259235
0 0.5147916666666668 0.4104166666666666 0.0730266203703703 0.05598958333333322
0 0.679849537037037 0.39089120370370367 0.08021990740740748 0.05947916666666666
0 0.3645601851851852 0.504375 0.0684201388888889 0.05730902777777782
0 0.5181423611111111 0.4901446759259259 0.0763541666666665 0.06005787037037038
0 0.6873090277777778 0.47432291666666676 0.08510995370370367 0.06362847222222215
0 0.36408564814814814 0.5858680555555555 0.07166666666666668 0.05981481481481481
0 0.5217766203703704 0.5753414351851852 0.08038194444444446 0.06260416666666657
0 0.6981770833333334 0.5630613425925926 0.08921874999999986 0.06773726851851851