0 0.3276446759259259 0.37821180555555556 0.03246527777777786 0.024131944444444463
0 0.47438657407407414 0.36246527777777776 0.035671296296296263 0.025763888888888965
0 0.6353530092592592 0.34328125 0.04048032407407405 0.028211805555555535
0 0.3206192129629629 0.4384548611111111 0.06665509259259253 0.051423611111111
0 0.4695833333333333 0.425 0.0730266203703703 0.05390625
0 0.6357754629629631 0.4103819444444444 0.08021990740740748 0.05718750000000004
0 0.3104398148148148 0.514375 0.0684201388888889 0.055364583333333425
0 0.4646701388888889 0.5047048611111111 0.0763541666666665 0.0578819444444445
0 0.6345659722222222 0.49390625000000005 0.08510995370370367 0.06119791666666678
0 0.3015393518518518 0.5957291666666666 0.07166666666666668 0.05777777777777775
0 0.45947337962962964 0.5898784722222222 0.08038194444444446 0.06031249999999986
0 0.6361979166666666 0.582829861111111 0.08921874999999986 0.06519097222222214