0 0.3875694444444444 0.4165972222222222 0.031770833333333394 0.024131944444444463
0 0.5274305555555555 0.4142708333333333 0.03097222222222218 0.023333333333333428
0 0.6664930555555555 0.41118055555555555 0.031736111111111145 0.022569444444444465
0 0.38727430555555553 0.47366319444444444 0.06668402777777782 0.04911458333333325
0 0.5310243055555556 0.47046875000000005 0.0651041666666666 0.048298611111111
0 0.6724305555555555 0.4673263888888889 0.06586805555555557 0.047534722222222214
0 0.38807291666666666 0.5447743055555556 0.0682986111111111 0.0514930555555555
0 0.5364930555555556 0.5406944444444444 0.06750000000000007 0.050694444444444466
0 0.6817881944444444 0.5366840277777778 0.06593750000000007 0.05065972222222222
0 0.3881944444444444 0.6205902777777779 0.07309027777777777 0.05628472222222207
0 0.5412847222222222 0.615625 0.06836805555555561 0.0546180555555555
0 0.6912673611111112 0.6115104166666667 0.06835069444444457 0.0538368055555555