0 0.2811458333333333 0.29445601851851855 0.056354166666666664 0.04148726851851858
0 0.5268576388888888 0.3189351851851852 0.057170138888889 0.04307291666666666
0 0.76171875 0.3391840277777778 0.05324652777777779 0.042175925925925915
0 0.27576388888888886 0.3959259259259259 0.1197916666666666 0.0855266203703704
0 0.5254687499999999 0.41661458333333334 0.11116319444444436 0.08370949074074083
0 0.7634895833333333 0.43539351851851854 0.1048958333333335 0.0827430555555555
0 0.2674652777777778 0.5231076388888889 0.12223958333333336 0.09028356481481481
0 0.5258506944444445 0.540144675925926 0.11284722222222214 0.08922453703703717
0 0.7663020833333334 0.5550868055555556 0.10885416666666661 0.08520254629629634
0 0.26059027777777777 0.6565856481481481 0.12392361111111114 0.09579861111111114
0 0.5229861111111112 0.669050925925926 0.11838541666666665 0.09251157407407398
0 0.7705208333333333 0.681857638888889 0.10894097222222214 0.08910879629629634