0 0.390625 0.34296875 0.034375 0.0265625
0 0.53984375 0.3640625 0.03203125 0.02421875
0 0.6765625 0.38203125 0.0296875 0.02421875
0 0.38515625 0.40703125 0.0734375 0.05390625
0 0.53828125 0.42421875 0.06328125 0.05
0 0.67734375 0.43984375 0.059375 0.0484375
0 0.37890625 0.48671875 0.075 0.0546875
0 0.53671875 0.5 0.06640625 0.053125
0 0.678125 0.5125 0.06015625 0.04921875
0 0.371875 0.5703125 0.07578125 0.059375
0 0.534375 0.58046875 0.06796875 0.05546875
0 0.6796875 0.5890625 0.06171875 0.05390625