0 0.39776041666666667 0.2940393518518518 0.03291666666666675 0.025925925925925953
0 0.54203125 0.28271990740740743 0.03687499999999986 0.026822916666666606
0 0.7064583333333333 0.2696585648148148 0.04250000000000007 0.029328703703703773
0 0.39880208333333333 0.3564467592592592 0.06343750000000004 0.051001157407407405
0 0.5448958333333334 0.3490798611111111 0.07234374999999993 0.05594328703703706
0 0.7103125 0.33916666666666667 0.08442708333333329 0.06175925925925929
0 0.3999479166666666 0.4321122685185186 0.06661458333333332 0.051875000000000074
0 0.5463541666666666 0.42943287037037037 0.07307291666666664 0.055185185185185046
0 0.7161458333333334 0.42666666666666664 0.08822916666666672 0.06031250000000003
0 0.40119791666666665 0.5093402777777778 0.06593750000000007 0.05341435185185191
0 0.5502604166666666 0.511417824074074 0.07723958333333343 0.05920717592592588
0 0.7204166666666667 0.5141203703703704 0.08364583333333328 0.061736111111111214