0 0.26380787037037035 0.28553240740740743 0.04956018518518519 0.04024884259259256
0 0.49360532407407404 0.2513888888888889 0.055972222222222354 0.04383680555555554
0 0.748726851851852 0.2091435185185185 0.06390625000000014 0.04675925925925926
0 0.249369212962963 0.3838831018518518 0.10331018518518516 0.08625578703703703
0 0.4837326388888889 0.3517361111111111 0.11354745370370374 0.08857060185185191
0 0.7432175925925926 0.3153935185185185 0.1241087962962963 0.0971354166666667
0 0.23297453703703702 0.5049479166666666 0.10581597222222223 0.0895543981481481
0 0.4725231481481481 0.47786458333333337 0.11781828703703709 0.09589120370370381
0 0.7364120370370371 0.4466435185185185 0.1273958333333333 0.1004918981481481
0 0.2162152777777778 0.6330439814814814 0.1076620370370371 0.09513888888888893
0 0.4617708333333333 0.6101851851851852 0.11876157407407391 0.09907407407407405
0 0.7330671296296296 0.5861979166666667 0.13545138888888886 0.1057581018518519