0 0.02441840277777778 0.26324652777777774 0.04883680555555556 0.044618055555555536
0 0.24237268518518515 0.3016840277777778 0.050156250000000034 0.044305555555555556
0 0.2240393518518519 0.40067708333333335 0.10353009259259256 0.09031249999999993
0 0.025526620370370373 0.36796875 0.051053240740740746 0.0921875
0 0.43380787037037044 0.3321354166666667 0.04041087962962955 0.03763888888888891
0 0.42820601851851847 0.42666666666666664 0.08758101851851859 0.08414930555555564
0 0.2012326388888889 0.5357118055555555 0.10881944444444444 0.10067708333333325
0 0.0033449074074074076 0.5086111111111111 0.006689814814814815 0.08590277777777774
0 0.4175810185185185 0.5533680555555556 0.09443287037037038 0.09458333333333328
0 0.17570601851851853 0.6903472222222222 0.12068287037037036 0.11678819444444458
0 0.40823495370370366 0.6979340277777778 0.10298611111111118 0.10743055555555543