0 0.36163194444444446 0.4102430555555555 0.03206018518518512 0.02303240740740744
0 0.502980324074074 0.406568287037037 0.03203125 0.02225115740740744
0 0.641261574074074 0.40144675925925927 0.03127893518518512 0.023003472222222144
0 0.35951967592592593 0.46727430555555555 0.06579861111111107 0.04924768518518512
0 0.501707175925926 0.4620081018518519 0.06420717592592595 0.04840856481481488
0 0.6438657407407408 0.4575231481481481 0.06420717592592595 0.04840856481481488
0 0.35529513888888886 0.5392071759259259 0.07063078703703703 0.05332754629629619
0 0.5030092592592592 0.532175925925926 0.06903935185185191 0.05248842592592595
0 0.6491030092592592 0.5267650462962964 0.06588541666666661 0.05159143518518512
0 0.3501446759259259 0.6150752314814815 0.07465277777777776 0.056597222222222146
0 0.5041087962962962 0.6078125 0.07149884259259257 0.05570023148148149
0 0.6533564814814815 0.6015046296296296 0.07068865740740744 0.054890046296296194