0 0.3794560185185185 0.30192708333333335 0.030653935185185156 0.02635416666666668
0 0.5246469907407407 0.2919791666666667 0.03456597222222228 0.02730902777777775
0 0.3783449074074074 0.36279513888888887 0.06130787037037031 0.05270833333333336
0 0.5227893518518518 0.35750000000000004 0.06992476851851848 0.05621527777777775
0 0.6893518518518518 0.28055555555555556 0.03770833333333332 0.02979166666666675
0 0.6890856481481482 0.3500520833333333 0.0785474537037036 0.06050347222222223
0 0.3742361111111111 0.44071180555555556 0.06446180555555561 0.05675347222222218
0 0.3716724537037037 0.5163541666666667 0.06367476851851847 0.05593749999999993
0 0.5225983796296296 0.4371527777777778 0.06914351851851848 0.0561805555555555
0 0.5216550925925926 0.5206770833333334 0.07542824074074073 0.06114583333333332
0 0.6905034722222222 0.43602430555555555 0.0801273148148148 0.06291666666666665
0 0.6911516203703704 0.5235243055555555 0.08247106481481481 0.06302083333333322