0 0.38300347222222225 0.35454282407407406 0.0373090277777778 0.02765046296296294
0 0.5317534722222221 0.38005787037037037 0.0341666666666665 0.026776620370370364
0 0.6688541666666667 0.4021006944444444 0.03024305555555564 0.02587962962962962
0 0.3761111111111111 0.41844328703703704 0.07543402777777786 0.05688657407407405
0 0.5288541666666667 0.44016782407407407 0.06597222222222214 0.05270254629629623
0 0.6675694444444444 0.45991319444444445 0.059670138888888856 0.05017361111111107
0 0.3696527777777778 0.49799189814814815 0.07861111111111115 0.05932291666666671
0 0.5248090277777777 0.5166608796296297 0.06913194444444457 0.05435763888888889
0 0.6659722222222222 0.5317881944444445 0.06281250000000008 0.05104745370370374
0 0.35920138888888886 0.5813310185185185 0.07788194444444443 0.06164351851851855
0 0.5206944444444443 0.5962789351851852 0.06921874999999993 0.05826388888888889
0 0.665798611111111 0.6099594907407407 0.06286458333333336 0.05339120370370374