0 0.28828125 0.30755208333333334 0.05078125 0.037818287037037025
0 0.51953125 0.3192418981481482 0.05625 0.04036458333333339
0 0.75625 0.32957175925925924 0.05546875 0.04033564814814809
0 0.2796875 0.40020254629629626 0.10234375 0.07957175925925934
0 0.51484375 0.413599537037037 0.10703125 0.08130787037037042
0 0.75625 0.42488425925925927 0.109375 0.08373842592592595
0 0.2703125 0.5170428240740741 0.10703125 0.08443287037037024
0 0.51171875 0.5298900462962963 0.109375 0.08608217592592596
0 0.75546875 0.5428240740740741 0.1125 0.08697916666666679
0 0.26015625 0.6369791666666667 0.109375 0.08842592592592595
0 0.5046875 0.6507233796296296 0.11015625 0.08767361111111108
0 0.7546875 0.663888888888889 0.1109375 0.09239004629629619