0 0.3372395833333333 0.5549131944444444 0.030659722222222286 0.02645833333333325
0 0.4599074074074075 0.5506249999999999 0.029890046296296192 0.028003472222222214
0 0.33361689814814816 0.6221701388888888 0.05902777777777786 0.05989583333333322
0 0.4586342592592592 0.6170486111111111 0.05980902777777786 0.05991319444444443
0 0.5833622685185185 0.5455381944444444 0.029878472222222285 0.026440972222222213
0 0.5852083333333333 0.6126736111111111 0.060590277777777854 0.05993055555555564
0 0.5892708333333333 0.6969444444444444 0.065324074074074 0.06628472222222222
0 0.4587847222222222 0.7021875 0.06532986111111114 0.06706597222222221
0 0.3251736111111111 0.7075 0.061394675925925936 0.06307291666666667
0 0.31903356481481476 0.7982465277777778 0.06768518518518522 0.06868055555555568
0 0.45496527777777784 0.7960069444444444 0.06532986111111114 0.06706597222222221
0 0.595625 0.7881944444444444 0.07081018518518523 0.06875