0 0.2933854166666666 0.2579340277777778 0.057083333333333285 0.03715277777777777
0 0.5240625 0.26767361111111115 0.05395833333333329 0.03708333333333336
0 0.7302604166666666 0.2740451388888889 0.04828124999999996 0.03383680555555557
0 0.2994791666666667 0.34934027777777776 0.11916666666666664 0.0790972222222222
0 0.5383854166666666 0.35342013888888885 0.10239583333333328 0.07326388888888893
0 0.7482291666666667 0.3557986111111111 0.09515624999999997 0.06998263888888889
0 0.30890625 0.46727430555555555 0.12432291666666676 0.08623263888888885
0 0.5551041666666666 0.46336805555555555 0.10583333333333336 0.07802083333333343
0 0.77234375 0.4593229166666667 0.09854166666666675 0.07395833333333321
0 0.3165104166666667 0.5930729166666667 0.13098958333333338 0.09262152777777785
0 0.5716145833333334 0.5819270833333333 0.11260416666666657 0.08597222222222226
0 0.7978645833333333 0.5722048611111111 0.10213541666666685 0.08105902777777771