0 0.3603298611111111 0.3884606481481482 0.0341550925925926 0.023628472222222197
0 0.5021064814814815 0.3905208333333333 0.03254629629629626 0.022800925925925954
0 0.6367592592592592 0.3912268518518519 0.03093749999999993 0.02197337962962962
0 0.36136574074074074 0.4455613425925925 0.06840277777777777 0.04881944444444457
0 0.5053935185185185 0.44598958333333333 0.06445023148148152 0.04792245370370374
0 0.6422974537037037 0.4450636574074074 0.06284143518518519 0.047094907407407405
0 0.36167245370370366 0.5167708333333334 0.07162037037037035 0.05047453703703706
0 0.5094675925925926 0.5147395833333333 0.06688657407407402 0.049554398148148236
0 0.6487152777777778 0.513744212962963 0.06449652777777785 0.048703703703703735
0 0.36221064814814813 0.591886574074074 0.07346064814814816 0.055208333333333214
0 0.5138194444444444 0.5881770833333333 0.06941550925925917 0.05274884259259256
0 0.6568344907407407 0.5847222222222221 0.06619791666666668 0.05109375000000007