0 0.32473958333333336 0.5650289351851852 0.031232638888888876 0.026006944444444357
0 0.44744212962962965 0.564375 0.03049768518518512 0.027563657407407405
0 0.3196238425925926 0.632193287037037 0.06032986111111107 0.05902777777777786
0 0.444693287037037 0.6307754629629629 0.061111111111111074 0.05903356481481481
0 0.570949074074074 0.5629456018518518 0.030451388888888785 0.026001157407407403
0 0.5713020833333333 0.630150462962963 0.06189236111111107 0.05903935185185176
0 0.5734895833333333 0.7145601851851853 0.0667650462962964 0.06532407407407419
0 0.44295138888888885 0.7159375000000001 0.0667881944444444 0.06610532407407418
0 0.30928819444444444 0.7172916666666667 0.06276620370370374 0.06217013888888889
0 0.3011342592592593 0.8078761574074076 0.06917824074074072 0.06768518518518504
0 0.4370486111111111 0.8096643518518519 0.0667881944444444 0.06610532407407418
0 0.5778125000000001 0.8060185185185185 0.07230324074074072 0.06770833333333322