0 0.2202662037037037 0.22206597222222219 0.050706018518518546 0.040434027777777715
0 0.4517534722222223 0.21512152777777777 0.057048611111111217 0.04227430555555554
0 0.7053472222222222 0.20524305555555555 0.06274884259259253 0.04642361111111111
0 0.20588541666666665 0.3193402777777778 0.10462962962962959 0.08256944444444443
0 0.4403125 0.31565972222222227 0.11423611111111107 0.08689236111111107
0 0.6983159722222222 0.3106770833333333 0.12549768518518523 0.09284722222222222
0 0.187818287037037 0.43916666666666665 0.1064699074074074 0.08732638888888893
0 0.4265625 0.4419444444444444 0.11290509259259256 0.09072916666666675
0 0.6881018518518518 0.44338541666666664 0.12798032407407406 0.09529513888888896
0 0.16878472222222224 0.5620833333333334 0.1089988425925926 0.0905555555555555
0 0.4103298611111111 0.5704687500000001 0.12099537037037038 0.0957638888888889
0 0.6784837962962963 0.5792534722222222 0.12899305555555554 0.09923611111111104