0 0.3957060185185185 0.34586226851851853 0.03476851851851857 0.026817129629629656
0 0.5452372685185185 0.3680613425925926 0.0323900462962964 0.02445601851851853
0 0.6822222222222223 0.3870428240740741 0.030046296296296404 0.024438657407407405
0 0.3911863425925926 0.4098842592592593 0.07423611111111103 0.054450231481481384
0 0.5445659722222222 0.4282060185185186 0.06402199074074062 0.05046874999999993
0 0.6838599537037038 0.4448611111111111 0.060092592592592455 0.04887731481481481
0 0.38611689814814815 0.48952546296296295 0.0758101851851852 0.05524305555555564
0 0.5441261574074074 0.5039756944444445 0.06719328703703695 0.053616898148148094
0 0.6857175925925926 0.517523148148148 0.06088541666666671 0.049664351851851765
0 0.38032407407407404 0.5730671296296296 0.07666087962962961 0.0599363425925926
0 0.542974537037037 0.5844270833333333 0.0687905092592592 0.055972222222222354
0 0.6884143518518518 0.5940972222222222 0.06251736111111121 0.05436342592592602