0 0.3277025462962963 0.5705208333333334 0.030451388888888965 0.026001157407407403
0 0.4455787037037037 0.5745196759259259 0.027326388888888786 0.02597800925925924
0 0.5627199074074074 0.5769502314814815 0.029693287037036952 0.02677662037037045
0 0.5616261574074074 0.6402372685185185 0.059386574074074085 0.0535532407407409
0 0.4413831018518518 0.6370023148148147 0.05621527777777775 0.05196759259259274
0 0.3211400462962963 0.6337673611111111 0.05545717592592592 0.05274305555555543
0 0.4366087962962963 0.7190162037037038 0.061087962962962906 0.05825231481481481
0 0.3116319444444445 0.7173090277777778 0.061111111111111074 0.05903356481481481
0 0.5631018518518519 0.7222974537037037 0.06118055555555557 0.06137731481481481
0 0.5612905092592593 0.8098032407407407 0.060422453703703735 0.062152777777777855
0 0.4323842592592593 0.8088483796296296 0.061134259259259235 0.05981481481481481
0 0.3004224537037037 0.8055266203703703 0.06267361111111107 0.05904513888888872