0 0.390625 0.34296875 0.03671875 0.0265625
0 0.53984375 0.3640625 0.03359375 0.02578125
0 0.67734375 0.38203125 0.0296875 0.025
0 0.38515625 0.40703125 0.07421875 0.0546875
0 0.53828125 0.42421875 0.06484375 0.05078125
0 0.67734375 0.43984375 0.05859375 0.0484375
0 0.38046875 0.48671875 0.07734375 0.05703125
0 0.5359375 0.50078125 0.06796875 0.05234375
0 0.67734375 0.51171875 0.06171875 0.04921875
0 0.371875 0.5703125 0.0765625 0.059375
0 0.53359375 0.58046875 0.06796875 0.05625
0 0.67890625 0.58984375 0.06171875 0.0515625