0 0.21159143518518517 0.39591435185185186 0.05217592592592588 0.03708912037037031
0 0.43875578703703705 0.38407986111111114 0.055347222222222214 0.03789351851851848
0 0.685636574074074 0.36897569444444445 0.060954861111111217 0.040277777777777767
0 0.18889467592592593 0.4890104166666667 0.10366319444444443 0.07573495370370367
0 0.4221238425925926 0.4802546296296296 0.11409722222222225 0.08049768518518512
0 0.6780555555555555 0.47054976851851854 0.12228009259259273 0.08680555555555554
0 0.1621875 0.6102488425925927 0.1064699074074074 0.08356481481481488
0 0.4029976851851852 0.6053414351851851 0.11763888888888889 0.08755208333333328
0 0.6657291666666667 0.5994907407407407 0.1288078703703704 0.09153935185185169
0 0.13193865740740743 0.7385416666666667 0.11548032407407405 0.09065972222222225
0 0.3817534722222223 0.7398148148148149 0.12196180555555554 0.09461226851851841
0 0.6558796296296296 0.7393460648148148 0.1338657407407407 0.09782407407407412