0 0.3799710648148148 0.2890972222222222 0.031209490740740708 0.02567708333333334
0 0.5249652777777778 0.2766840277777778 0.037552083333333285 0.02894097222222225
0 0.3749479166666666 0.3530902777777778 0.06722222222222225 0.05536458333333334
0 0.5214583333333334 0.34227430555555555 0.07269097222222225 0.055486111111111035
0 0.6911689814814814 0.26083333333333336 0.04152777777777779 0.03137152777777778
0 0.6890856481481482 0.33114583333333336 0.08535300925925923 0.06123263888888886
0 0.3688194444444444 0.42800347222222224 0.06565972222222224 0.05532986111111118
0 0.517488425925926 0.42348958333333336 0.0758622685185184 0.05711805555555553
0 0.36342592592592593 0.5044965277777778 0.06802662037037041 0.05616319444444447
0 0.5127141203703703 0.50546875 0.0751504629629629 0.0594444444444445
0 0.6857581018518519 0.4170659722222222 0.08539930555555557 0.06279513888888885
0 0.6839236111111111 0.5053645833333333 0.08620370370370374 0.06359375000000007