0 0.1734375 0.296875 0.0484375 0.03984375
0 0.15546875 0.39921875 0.10546875 0.08828125
0 0.38125 0.3265625 0.04375 0.0421875
0 0.378125 0.4234375 0.08984375 0.08359375
0 0.57421875 0.3515625 0.03828125 0.03515625
0 0.57734375 0.4453125 0.0859375 0.08125
0 0.5828125 0.571875 0.090625 0.09140625
0 0.37109375 0.55390625 0.0984375 0.0953125
0 0.13203125 0.5359375 0.11171875 0.09921875
0 0.11015625 0.69296875 0.1234375 0.11484375
0 0.3609375 0.7046875 0.10703125 0.10703125
0 0.5890625 0.71640625 0.09765625 0.10625