0 0.3828125 0.5859375 0.028125 0.02578125
0 0.5015625 0.58984375 0.028125 0.02578125
0 0.37890625 0.6515625 0.05546875 0.05390625
0 0.5015625 0.6546875 0.05390625 0.05546875
0 0.61796875 0.59296875 0.02734375 0.02578125
0 0.621875 0.65703125 0.0515625 0.053125
0 0.375 0.73515625 0.06015625 0.06015625
0 0.3703125 0.8265625 0.06171875 0.06640625
0 0.5015625 0.7375 0.0578125 0.059375
0 0.503125 0.8265625 0.06015625 0.065625
0 0.62734375 0.7390625 0.05546875 0.05546875
0 0.6328125 0.828125 0.05859375 0.06328125