0 0.3036747685185185 0.30541666666666667 0.054288194444444396 0.03905092592592592
0 0.5358275462962963 0.31463541666666667 0.05502893518518519 0.03829282407407408
0 0.7742303240740741 0.3240393518518519 0.05585069444444457 0.03909722222222225
0 0.3007638888888889 0.39971643518518524 0.10795717592592595 0.08120370370370367
0 0.5360416666666666 0.40902777777777777 0.11092013888888896 0.07817129629629634
0 0.7776099537037038 0.41930555555555554 0.11108217592592595 0.08129629629629634
0 0.2965625 0.5142592592592592 0.11112268518518516 0.08207754629629634
0 0.5374305555555555 0.5260763888888889 0.11194444444444436 0.0828819444444445
0 0.7829050925925924 0.5364699074074075 0.11198495370370373 0.0836631944444445
0 0.2927256944444444 0.6358333333333333 0.11358796296296295 0.08449074074074084
0 0.5381597222222222 0.6454456018518518 0.1145717592592593 0.088420138888889
0 0.7901678240740739 0.6614930555555556 0.1145717592592593 0.08842013888888882