0 0.36473958333333334 0.29756944444444444 0.032361111111111104 0.02615740740740744
0 0.5114583333333333 0.28891782407407407 0.03321180555555543 0.02774884259259256
0 0.3588020833333333 0.36073495370370373 0.06553819444444446 0.053125
0 0.5062326388888889 0.35367476851851853 0.07189236111111122 0.05570023148148149
0 0.35387152777777775 0.4364583333333333 0.06319444444444447 0.053038194444444464
0 0.5003124999999999 0.434056712962963 0.07270833333333329 0.056510416666666605
0 0.675607638888889 0.27543402777777776 0.04031249999999993 0.029571759259259256
0 0.6740798611111112 0.34502314814814816 0.08381944444444436 0.060821759259259256
0 0.6686979166666667 0.43090277777777786 0.08385416666666679 0.06160300925925917
0 0.34574652777777776 0.5136284722222222 0.06560763888888888 0.0546875
0 0.4958854166666667 0.5160590277777778 0.07284722222222229 0.05963541666666661
0 0.6655902777777778 0.518431712962963 0.08545138888888885 0.062442129629629584