0 0.38438657407407406 0.3377604166666667 0.03064236111111107 0.02524305555555557
0 0.5179108796296296 0.3550520833333334 0.02907407407407412 0.024369212962962905
0 0.6436342592592592 0.37031828703703706 0.02750578703703699 0.023495370370370416
0 0.38395833333333335 0.3955729166666667 0.06441550925925928 0.051452546296296295
0 0.51828125 0.4105671296296297 0.05892361111111111 0.04800347222222214
0 0.6448032407407407 0.42353587962962963 0.05422453703703702 0.0461631944444445
0 0.38421874999999994 0.46593171296296293 0.0644039351851852 0.0498900462962963
0 0.5201331018518519 0.4771122685185185 0.05815393518518519 0.04951967592592599
0 0.6458854166666667 0.4884722222222223 0.05423611111111111 0.0477256944444445
0 0.3829108796296296 0.5369791666666667 0.06442129629629641 0.0522337962962963
0 0.5211863425925927 0.5459548611111111 0.05972222222222214 0.050393518518518476
0 0.6485185185185186 0.5550636574074075 0.055034722222222145 0.050115740740740836