0 0.3319386574074074 0.4479687500000001 0.031921296296296295 0.024739583333333214
0 0.32565393518518515 0.5015625 0.06777199074074076 0.05052083333333339
0 0.46750578703703705 0.46953125 0.031070601851851797 0.02234374999999993
0 0.5913773148148149 0.4895312499999999 0.028726851851851976 0.022187500000000072
0 0.46358796296296295 0.5225 0.058373842592592595 0.04911458333333343
0 0.5914583333333333 0.5396354166666667 0.057523148148148094 0.04671874999999996
0 0.31810185185185186 0.5715104166666667 0.06940393518518526 0.05296874999999997
0 0.4608391203703704 0.5888541666666667 0.06232638888888893 0.05093750000000004
0 0.5918344907407407 0.6061979166666667 0.059982638888888926 0.05078125
0 0.3088252314814815 0.6468229166666667 0.07271412037037042 0.05942708333333328
0 0.4563425925925926 0.6613541666666667 0.06561342592592592 0.05661458333333336
0 0.5928993055555555 0.6759375000000001 0.0600752314814816 0.05390625