0 0.39936921296296296 0.5710069444444444 0.029693287037037042 0.027633101851851905
0 0.518258101851852 0.5712962962962963 0.02891203703703695 0.027604166666666607
0 0.6347337962962962 0.5693287037037037 0.026545138888888785 0.02673611111111107
0 0.3989699074074074 0.63671875 0.05789351851851858 0.05755208333333339
0 0.5209374999999999 0.6353298611111111 0.056331018518518405 0.057494212962962976
0 0.6413425925925926 0.6339988425925925 0.05467592592592609 0.05431134259259274
0 0.3959317129629629 0.7189525462962962 0.06118055555555557 0.06313657407407405
0 0.5241261574074074 0.716550925925926 0.05961805555555557 0.0630787037037038
0 0.39553819444444444 0.811255787037037 0.06524884259259256 0.06875
0 0.5291550925925925 0.8070891203703704 0.06593750000000007 0.06565393518518511
0 0.65 0.715017361111111 0.05800925925925924 0.06145833333333321
0 0.6573032407407406 0.803125 0.06361689814814823 0.06634837962962976