0 0.27444444444444444 0.2949247685185185 0.03952546296296298 0.03356481481481479
0 0.4555787037037037 0.2978530092592592 0.04422453703703706 0.034623842592592526
0 0.6522916666666667 0.29858217592592595 0.04657986111111114 0.035543981481481524
0 0.26698495370370373 0.3709780092592593 0.07983217592592595 0.06717592592592592
0 0.45049768518518524 0.3763888888888889 0.08610532407407412 0.06910879629629632
0 0.6504050925925926 0.3819907407407407 0.09243634259259252 0.07494791666666671
0 0.2582291666666666 0.4649074074074074 0.08063657407407412 0.06878472222222207
0 0.24794560185185185 0.5610879629629629 0.08225694444444445 0.07278356481481474
0 0.44414351851851847 0.47436342592592595 0.08849537037037045 0.07237268518518505
0 0.6464409722222222 0.48322916666666665 0.09402199074074069 0.07660300925925938
0 0.43705439814814817 0.5754166666666667 0.0885532407407407 0.07627893518518522
0 0.6441087962962964 0.5892476851851851 0.09953703703703702 0.08005208333333336