0 0.3277025462962963 0.5807291666666667 0.030451388888888965 0.026880787037037022
0 0.4455787037037037 0.5882233796296296 0.027326388888888786 0.02676504629629619
0 0.5627199074074074 0.5941261574074075 0.029693287037036952 0.027633101851851905
0 0.5616261574074074 0.6574363425925925 0.059386574074074085 0.05526620370370381
0 0.4413831018518518 0.650636574074074 0.05621527777777775 0.053587962962962976
0 0.3211400462962963 0.6438368055555556 0.05545717592592592 0.054340277777777855
0 0.4366087962962963 0.7325810185185185 0.061087962962962906 0.06001157407407405
0 0.3116319444444445 0.7271701388888889 0.061111111111111074 0.06079282407407405
0 0.5631018518518519 0.7396122685185185 0.06118055555555557 0.06313657407407405
0 0.5612905092592593 0.8271412037037036 0.060422453703703735 0.06388888888888893
0 0.4323842592592593 0.8223668981481481 0.061134259259259235 0.061574074074074045
0 0.3004224537037037 0.815133101851852 0.06267361111111107 0.060850694444444284