0 0.5015625 0.36328125 0.0390625 0.0296875
0 0.346875 0.3515625 0.0390625 0.028125
0 0.34765625 0.41796875 0.0765625 0.05703125
0 0.64296875 0.3703125 0.0328125 0.025
0 0.50703125 0.42421875 0.06875 0.0515625
0 0.65 0.42890625 0.0625 0.05078125
0 0.66015625 0.50234375 0.06171875 0.05078125
0 0.51328125 0.50078125 0.07109375 0.05625
0 0.34921875 0.49921875 0.0796875 0.0578125
0 0.35078125 0.5859375 0.07890625 0.06171875
0 0.51953125 0.5828125 0.06953125 0.05703125
0 0.6703125 0.58125 0.0640625 0.05546875