0 0.39776041666666667 0.285619212962963 0.03135416666666675 0.025219907407407406
0 0.5420833333333334 0.27185185185185184 0.03614583333333332 0.026817129629629656
0 0.7057291666666666 0.25510416666666663 0.04171875000000007 0.028420138888888856
0 0.3980208333333333 0.3480902777777778 0.06515624999999999 0.052019675925925934
0 0.5441145833333334 0.3374594907407407 0.07156249999999993 0.05440972222222218
0 0.7103645833333333 0.3246354166666666 0.08276041666666671 0.05839699074074076
0 0.39916666666666667 0.42384259259259255 0.06515624999999999 0.052019675925926025
0 0.54640625 0.41868634259259263 0.07317708333333339 0.055202546296296263
0 0.7153645833333333 0.41134837962962967 0.08359375 0.05918402777777772
0 0.40041666666666664 0.5011574074074074 0.06682291666666665 0.053593749999999926
0 0.5503125 0.5007060185185186 0.07473958333333339 0.055214120370370344
0 0.7204166666666667 0.49884259259259256 0.08515625 0.05919560185185198