0 0.37284143518518514 0.348755787037037 0.03575231481481485 0.02707175925925931
0 0.5209664351851852 0.37206018518518513 0.03328703703703706 0.02469328703703706
0 0.6567534722222221 0.39205439814814813 0.03094328703703688 0.02465856481481481
0 0.3640509259259259 0.41273726851851855 0.0762326388888889 0.05499421296296294
0 0.5162847222222222 0.43219328703703697 0.06587384259259252 0.05093749999999986
0 0.6545370370370371 0.4498784722222222 0.06188657407407412 0.04931712962962962
0 0.35366898148148146 0.49233217592592593 0.0778356481481481 0.055798611111111104
0 0.510792824074074 0.5079513888888888 0.06916087962962969 0.05410879629629619
0 0.6515509259259259 0.5225462962962963 0.06270833333333332 0.050109953703703705
0 0.34230324074074076 0.5758217592592593 0.07885995370370366 0.06049768518518519
0 0.5042766203703704 0.5883854166666668 0.07084490740740748 0.056475694444444356
0 0.6491435185185186 0.5991319444444445 0.0645138888888889 0.05482060185185187