0 0.028090277777777777 0.2656423611111111 0.05596064814814815 0.044184027777777767
0 0.028825231481481483 0.3726215277777778 0.057650462962962966 0.10149305555555559
0 0.25170138888888893 0.3175173611111111 0.04732060185185185 0.04243055555555557
0 0.23704282407407407 0.4164756944444445 0.10169560185185186 0.085798611111111
0 0.4442476851851852 0.36244791666666665 0.04175925925925909 0.03918402777777778
0 0.4406655092592593 0.4569618055555555 0.08287615740740736 0.08303819444444435
0 0.21975694444444444 0.5513368055555555 0.10677662037037035 0.09918402777777775
0 0.4337673611111111 0.5842361111111111 0.09335648148148153 0.09420138888888889
0 0.014230324074074074 0.510625 0.028460648148148148 0.09468750000000004
0 0.19649305555555557 0.7032638888888888 0.1149826388888889 0.112638888888889
0 0.42721064814814813 0.7263715277777777 0.1 0.10762152777777771