0 0.24184027777777778 0.39319444444444446 0.048958333333333395 0.036232638888888856
0 0.4682407407407407 0.37722222222222224 0.05366898148148138 0.03789930555555561
0 0.7133564814814815 0.35848958333333336 0.057621527777777716 0.04111111111111114
0 0.2268113425925926 0.4865277777777777 0.10032986111111111 0.077204861111111
0 0.45872685185185186 0.4735590277777778 0.11132523148148152 0.08135416666666657
0 0.713287037037037 0.4593055555555555 0.1200231481481481 0.08857638888888886
0 0.20593749999999997 0.6073437500000001 0.10592592592592594 0.08592013888888879
0 0.4480671296296297 0.5980555555555556 0.11144097222222235 0.08916666666666657
0 0.7112905092592593 0.5882986111111111 0.1239988425925926 0.0933506944444444
0 0.18676504629629628 0.7375 0.10993634259259259 0.0930381944444445
0 0.43600694444444443 0.7335243055555555 0.12013888888888893 0.09638888888888886
0 0.7102604166666667 0.7297743055555556 0.12880208333333343 0.10126736111111115