0 0.2328125 0.21171875 0.0484375 0.03984375
0 0.4640625 0.19375 0.05234375 0.03984375
0 0.71640625 0.17265625 0.059375 0.0421875
0 0.2234375 0.30859375 0.09609375 0.078125
0 0.4578125 0.29609375 0.1078125 0.08203125
0 0.71484375 0.27890625 0.11796875 0.08515625
0 0.2140625 0.4296875 0.09921875 0.08125
0 0.4515625 0.4203125 0.11015625 0.084375
0 0.7109375 0.4109375 0.1234375 0.08828125
0 0.20234375 0.55390625 0.10234375 0.0859375
0 0.4453125 0.5515625 0.11171875 0.0890625
0 0.71015625 0.54765625 0.1234375 0.09140625