0 0.025331307870370367 0.2656423611111111 0.050662615740740734 0.044184027777777767
0 0.02524884259259259 0.3726215277777778 0.05049768518518518 0.10149305555555559
0 0.24477430555555557 0.3175173611111111 0.048240740740740765 0.04243055555555557
0 0.22791087962962964 0.4164756944444445 0.10355324074074072 0.085798611111111
0 0.43641782407407403 0.36244791666666665 0.042609953703703594 0.03918402777777778
0 0.43073495370370374 0.4569618055555555 0.08468171296296294 0.08303819444444435
0 0.20762152777777776 0.5513368055555555 0.10892939814814814 0.09918402777777775
0 0.4210069444444445 0.5842361111111111 0.09540509259259267 0.09420138888888889
0 0.009082754629629628 0.510625 0.018165509259259256 0.09468750000000004
0 0.18097222222222223 0.7032638888888888 0.11743055555555557 0.112638888888889
0 0.41129050925925925 0.7263715277777777 0.10234375 0.10762152777777771