0 0.23828125 0.3087847222222222 0.04916087962962958 0.043449074074074015
0 0.4453703703703704 0.3436631944444445 0.04354745370370381 0.03921875000000004
0 0.2287326388888889 0.40877893518518515 0.10324074074074074 0.09342592592592602
0 0.21741898148148148 0.545306712962963 0.1075810185185185 0.10537615740740733
0 0.4473668981481482 0.4396643518518518 0.09522569444444447 0.08749421296296304
0 0.4484664351851852 0.5745891203703704 0.10124421296296297 0.10266203703703702
0 0.2013310185185185 0.7002604166666667 0.1213541666666667 0.11944444444444446
0 0.4493055555555555 0.7235300925925927 0.10798611111111107 0.11631365740740733
0 0.640625 0.37472222222222223 0.04036458333333339 0.03747106481481479
0 0.6504340277777778 0.47118634259259257 0.08891782407407404 0.08556134259259256
0 0.6630497685185185 0.6013368055555556 0.0987268518518519 0.0978356481481482
0 0.6793402777777777 0.7465162037037036 0.09837962962962958 0.10950810185185186