0 0.33671875 0.3784837962962963 0.0328125 0.024600694444444394
0 0.47734375 0.376400462962963 0.0296875 0.024415509259259238
0 0.6125 0.3738599537037037 0.0296875 0.023634259259259237
0 0.334375 0.43565393518518525 0.065625 0.05076388888888879
0 0.478125 0.43182291666666667 0.0640625 0.0498900462962963
0 0.615625 0.42758101851851854 0.059375 0.04804976851851848
0 0.33046875 0.5069791666666668 0.06796875 0.054027777777777786
0 0.478125 0.5013541666666667 0.06484375 0.050717592592592634
0 0.61796875 0.4954108796296296 0.0609375 0.051267361111111145
0 0.3265625 0.5814293981481482 0.07109375 0.05655671296296312
0 0.47734375 0.574056712962963 0.065625 0.05467013888888879
0 0.6203125 0.5663657407407408 0.06328125 0.05296875000000014