0 0.23438078703703705 0.20137152777777775 0.04873263888888886 0.041996527777777806
0 0.4654976851851852 0.17312500000000003 0.05263888888888886 0.042170138888888875
0 0.7176851851851852 0.14081597222222222 0.059687500000000074 0.0448263888888889
0 0.22572337962962963 0.29866319444444445 0.09667245370370373 0.08239583333333336
0 0.4600057870370371 0.2757465277777778 0.10842013888888893 0.08682291666666667
0 0.7169097222222222 0.24713541666666666 0.1185995370370371 0.09039930555555556
0 0.21724537037037037 0.42017361111111107 0.09982060185185189 0.08565972222222218
0 0.45467592592592593 0.40024305555555556 0.11078124999999997 0.08927083333333333
0 0.7139814814814814 0.3793402777777778 0.12409143518518526 0.09376736111111103
0 0.20644675925925923 0.5449131944444444 0.10298032407407405 0.090486111111111
0 0.4493981481481481 0.5317708333333334 0.11237847222222222 0.09402777777777764
0 0.7142129629629629 0.5160937499999999 0.12411458333333343 0.09689236111111121