0 0.33510416666666665 0.23373842592592595 0.054479166666666676 0.03396990740740744
0 0.55765625 0.2638020833333333 0.051458333333333425 0.03541666666666661
0 0.758125 0.2899305555555555 0.04421874999999993 0.03203125
0 0.33848958333333334 0.31958912037037035 0.11359374999999998 0.07902199074074075
0 0.5702083333333333 0.346875 0.09906249999999997 0.07146990740740744
0 0.775 0.36770833333333336 0.0935416666666665 0.07048611111111117
0 0.34598958333333335 0.4320891203703704 0.12406249999999996 0.08408564814814809
0 0.5857291666666666 0.45109953703703703 0.10567708333333332 0.07717013888888893
0 0.7965104166666667 0.4682581018518519 0.09442708333333343 0.07207754629629619
0 0.35104166666666664 0.5546296296296296 0.12515624999999994 0.08880208333333321
0 0.6005208333333333 0.5677662037037037 0.10859375 0.08585069444444446
0 0.8225520833333333 0.5783275462962962 0.09802083333333336 0.07922453703703702