0 0.29921875 0.30625 0.0421875 0.028125
0 0.48046875 0.31484375 0.0390625 0.028125
0 0.646875 0.31953125 0.03671875 0.02578125
0 0.3 0.3765625 0.08671875 0.0578125
0 0.48359375 0.3828125 0.07890625 0.05703125
0 0.6546875 0.3859375 0.07421875 0.05390625
0 0.30078125 0.46640625 0.0890625 0.0625
0 0.48984375 0.465625 0.08203125 0.05703125
0 0.66328125 0.46875 0.078125 0.059375
0 0.30078125 0.5609375 0.09296875 0.06796875
0 0.4953125 0.55859375 0.08359375 0.06484375
0 0.675 0.5578125 0.07734375 0.06171875