0 0.2592013888888889 0.29487847222222224 0.040133101851851816 0.031221064814814882
0 0.44233217592592594 0.2971180555555556 0.043315972222222145 0.03296875000000003
0 0.6380208333333334 0.29853587962962963 0.04814814814814809 0.03715277777777777
0 0.24936342592592595 0.37024305555555553 0.07881944444444447 0.06547453703703701
0 0.43162615740740745 0.3747800925925926 0.08747106481481488 0.06754629629629623
0 0.6325810185185186 0.38199074074074074 0.09548611111111108 0.07347800925925929
0 0.2341435185185185 0.46407986111111105 0.0836226851851852 0.06887731481481474
0 0.42248263888888893 0.47367476851851853 0.08993055555555554 0.07081018518518523
0 0.6225694444444445 0.48318287037037033 0.0994502314814815 0.07527199074074069
0 0.21880787037037036 0.5610416666666667 0.08527199074074074 0.0713136574074074
0 0.4101273148148148 0.5747280092592593 0.09317129629629636 0.07412037037037038
0 0.615480324074074 0.5900289351851852 0.09646990740740743 0.07899305555555554