0 0.25817708333333333 0.27836226851851853 0.057083333333333285 0.0387731481481481
0 0.48687500000000006 0.3051157407407407 0.05395833333333329 0.03861111111111111
0 0.6916145833333334 0.32670717592592596 0.04828124999999996 0.035202546296296336
0 0.2520833333333333 0.36976851851851855 0.11916666666666664 0.08247685185185176
0 0.48973958333333334 0.3914988425925926 0.10239583333333328 0.07615740740740744
0 0.6986458333333333 0.4093865740740741 0.09515624999999997 0.07266782407407409
0 0.24578125 0.487818287037037 0.12432291666666666 0.08975115740740733
0 0.4917708333333334 0.5021412037037037 0.10583333333333336 0.08100694444444442
0 0.7089062500000001 0.5141840277777778 0.09854166666666657 0.07673611111111107
0 0.23661458333333335 0.6135590277777778 0.1309895833333333 0.09632523148148131
0 0.4924479166666666 0.6213368055555556 0.11260416666666657 0.0891435185185184
0 0.7193229166666667 0.6283969907407407 0.10213541666666667 0.08392939814814823