0 0.42543402777777783 0.56046875 0.027690972222222145 0.027500000000000035
0 0.545138888888889 0.5548437500000001 0.027517361111111072 0.02515624999999986
0 0.661892361111111 0.5517708333333333 0.027633101851851905 0.026718750000000034
0 0.4270543981481481 0.6247395833333333 0.06114004629629619 0.059270833333333425
0 0.55078125 0.6204166666666667 0.057957175925925954 0.05828124999999993
0 0.6705439814814815 0.6155729166666667 0.056336805555555536 0.057395833333333354
0 0.43107638888888894 0.7108333333333333 0.06678240740740726 0.061979166666666606
0 0.5569155092592593 0.7032291666666668 0.06131365740740744 0.06161458333333343
0 0.6820891203703704 0.6972395833333334 0.060532407407407264 0.061562499999999964
0 0.43136574074074074 0.79953125 0.06490162037037042 0.06807291666666657
0 0.565133101851852 0.79296875 0.06545138888888893 0.06499999999999986
0 0.6924768518518519 0.7844791666666666 0.06640625 0.06739583333333332