0 0.36475115740740743 0.44456597222222227 0.03428819444444446 0.025179398148148024
0 0.5053298611111111 0.4534201388888889 0.0327025462962963 0.02431712962962962
0 0.6436111111111111 0.4605902777777778 0.0327025462962963 0.02431712962962962
0 0.3623032407407408 0.5007754629629629 0.06703703703703709 0.05105902777777782
0 0.5060300925925926 0.5090104166666667 0.06620949074074076 0.04945601851851862
0 0.6482407407407408 0.5156018518518518 0.06384259259259259 0.048553240740740834
0 0.3593923611111111 0.5726099537037037 0.07023148148148142 0.05356481481481481
0 0.5070717592592592 0.5794849537037037 0.0678877314814816 0.053443287037037025
0 0.6524074074074073 0.5862384259259259 0.06786458333333342 0.05266203703703702
0 0.3547800925925926 0.6490509259259258 0.07273726851851858 0.05915509259259259
0 0.508755787037037 0.6546875 0.06876157407407409 0.05660879629629623
0 0.6587789351851852 0.6616840277777778 0.06951967592592592 0.05586805555555543