0 0.2769097222222222 0.2987152777777778 0.056944444444444464 0.042309027777777786
0 0.5223668981481481 0.3268402777777778 0.05778356481481488 0.043906250000000036
0 0.75703125 0.3505729166666667 0.053848379629629586 0.04295138888888887
0 0.27002314814814815 0.4001388888888888 0.12100694444444446 0.08727430555555564
0 0.51953125 0.42453124999999997 0.11235532407407404 0.08532986111111107
0 0.7573784722222221 0.44684027777777774 0.10607638888888893 0.08427083333333343
0 0.25983796296296297 0.5272395833333333 0.12352430555555553 0.09206597222222221
0 0.5180844907407407 0.5481076388888889 0.11412037037037041 0.09086805555555558
0 0.7584201388888889 0.5666145833333334 0.11006944444444429 0.0867881944444445
0 0.2509837962962963 0.6606597222222221 0.12528935185185192 0.09760416666666671
0 0.5133101851851851 0.6770138888888889 0.11970486111111107 0.09423611111111115
0 0.7607638888888889 0.6934895833333334 0.11021412037037023 0.0906944444444445