0 0.24146412037037038 0.30541087962962965 0.05237268518518521 0.04484953703703702
0 0.23107638888888887 0.40410879629629626 0.0984664351851852 0.08868634259259256
0 0.21886574074074075 0.5378472222222223 0.11056134259259257 0.09927662037037041
0 0.4469039351851851 0.33330439814814816 0.04918981481481488 0.04317129629629628
0 0.4466145833333333 0.43081597222222223 0.1 0.08796296296296298
0 0.4484085648148148 0.5635127314814815 0.10512152777777786 0.09985532407407405
0 0.2052372685185185 0.6964988425925925 0.1236979166666667 0.11692708333333321
0 0.45167824074074076 0.7149884259259259 0.1104456018518519 0.11721643518518512
0 0.665335648148148 0.5855902777777777 0.09565972222222215 0.0971643518518519
0 0.6793113425925925 0.7312210648148149 0.10364583333333321 0.1021412037037038
0 0.6504340277777778 0.4570891203703704 0.09131944444444447 0.08530092592592595
0 0.6413773148148149 0.360011574074074 0.041290509259259166 0.04053819444444447