0 0.04574652777777778 0.2653761574074074 0.05625 0.04299768518518512
0 0.27254050925925927 0.3171469907407407 0.04921875 0.042893518518518546
0 0.26368634259259255 0.41539930555555554 0.10162037037037042 0.08739583333333326
0 0.04884259259259259 0.37005208333333334 0.07361111111111111 0.0901041666666667
0 0.4677372685185185 0.3590798611111111 0.03961226851851851 0.03650462962962964
0 0.47123842592592596 0.45361111111111113 0.08579282407407404 0.08169560185185176
0 0.2538194444444445 0.5495543981481481 0.10668402777777786 0.09762152777777774
0 0.03605324074074075 0.5096296296296297 0.0375 0.08488425925925931
0 0.47280092592592593 0.5801273148148148 0.09241898148148149 0.09194444444444443
0 0.2431134259259259 0.7032175925925926 0.11820023148148148 0.11340856481481473
0 0.4773726851851852 0.7246469907407407 0.10069444444444446 0.10456018518518526