0 0.2734143518518518 0.33276041666666667 0.04587962962962964 0.041302083333333336
0 0.26472800925925927 0.4313020833333333 0.0973553240740741 0.09156250000000003
0 0.47519675925925925 0.36104166666666665 0.045086805555555644 0.04046874999999996
0 0.4781944444444445 0.4580208333333333 0.08869212962962969 0.08630208333333336
0 0.6707291666666666 0.38890625 0.042754629629629545 0.04109375000000002
0 0.6799537037037038 0.48473958333333333 0.08630208333333336 0.08302083333333332
0 0.6943287037037037 0.6121354166666666 0.09747106481481485 0.09937500000000003
0 0.4801388888888889 0.5892708333333333 0.09357638888888893 0.09989583333333343
0 0.25026620370370367 0.5614583333333334 0.10526041666666668 0.09833333333333343
0 0.23540509259259262 0.7173437500000001 0.11885416666666666 0.1203125
0 0.4808101851851852 0.7399479166666667 0.1110069444444445 0.11744791666666661
0 0.7066608796296296 0.7596875000000001 0.10079282407407408 0.11286458333333335