0 0.38671875 0.31484375 0.03046875 0.0234375
0 0.5203125 0.32421875 0.02890625 0.02265625
0 0.64609375 0.33203125 0.02734375 0.021875
0 0.38671875 0.37265625 0.0640625 0.04765625
0 0.52109375 0.3796875 0.05859375 0.04453125
0 0.64765625 0.38515625 0.05390625 0.04296875
0 0.3875 0.44296875 0.0640625 0.04609375
0 0.5234375 0.44609375 0.0578125 0.04609375
0 0.64921875 0.45 0.05390625 0.04453125
0 0.38671875 0.5140625 0.0640625 0.0484375
0 0.525 0.51484375 0.059375 0.046875
0 0.65234375 0.51640625 0.0546875 0.046875