0 0.31912615740740746 0.3825810185185185 0.03220486111111107 0.023663194444444445
0 0.3115451388888889 0.44276041666666666 0.06608796296296297 0.04890046296296298
0 0.29962384259259256 0.519369212962963 0.06950231481481488 0.05282986111111114
0 0.464525462962963 0.3697916666666667 0.037673611111111074 0.023703703703703737
0 0.4607349537037037 0.43150462962962965 0.07094907407407405 0.051278935185185046
0 0.45405092592592594 0.5111979166666666 0.07274305555555553 0.05441550925925931
0 0.628125 0.353744212962963 0.04181134259259256 0.026857638888888858
0 0.6263310185185185 0.42012731481481486 0.08151041666666661 0.05682291666666668
0 0.6248842592592593 0.5029050925925926 0.08726851851851851 0.06076967592592588
0 0.6214120370370371 0.5919444444444444 0.09050925925925916 0.06235532407407405
0 0.4461805555555555 0.5963657407407407 0.07638888888888892 0.06146990740740747
0 0.2881944444444445 0.5998784722222222 0.07135416666666661 0.05674768518518523