0 0.3716608796296296 0.30060185185185184 0.0319502314814815 0.026579861111111124
0 0.5171180555555555 0.29247106481481483 0.038385416666666575 0.03002893518518519
0 0.36473958333333334 0.3645023148148148 0.0688194444444445 0.05730902777777782
0 0.5116666666666667 0.35801504629629627 0.0742881944444445 0.0575925925925926
0 0.6839004629629629 0.28152777777777777 0.04243055555555557 0.03257523148148147
0 0.6797337962962964 0.35184027777777777 0.08711226851851847 0.06370949074074073
0 0.3563888888888889 0.43929976851851854 0.0672569444444445 0.057228009259259235
0 0.5052893518518518 0.43918402777777776 0.07750578703703717 0.05931712962962958
0 0.34872685185185187 0.5157002314814815 0.06964699074074074 0.05813078703703702
0 0.49808449074074074 0.52109375 0.07686342592592581 0.06162037037037038
0 0.6738599537037037 0.4377372685185185 0.08720486111111114 0.06527199074074072
0 0.6694097222222222 0.5260590277777778 0.08803240740740748 0.06609374999999992