0 0.378125 0.425 0.03125 0.0234375
0 0.51796875 0.42578125 0.03046875 0.02265625
0 0.65703125 0.42578125 0.03125 0.021875
0 0.3765625 0.48203125 0.065625 0.04765625
0 0.5203125 0.48203125 0.0640625 0.046875
0 0.66171875 0.48203125 0.06484375 0.04609375
0 0.37578125 0.553125 0.0671875 0.05
0 0.52421875 0.55234375 0.06640625 0.04921875
0 0.66953125 0.5515625 0.06484375 0.04921875
0 0.37421875 0.62890625 0.071875 0.0546875
0 0.52734375 0.62734375 0.0671875 0.053125
0 0.67734375 0.6265625 0.0671875 0.05234375