0 0.40803819444444445 0.5738368055555556 0.027708333333333356 0.026568287037036953
0 0.40861111111111115 0.6395312499999999 0.05885416666666661 0.06026041666666657
0 0.5269618055555556 0.574224537037037 0.029270833333333357 0.026614583333333285
0 0.5314409722222222 0.6398032407407408 0.05711805555555553 0.05630787037037024
0 0.6435763888888889 0.575462962962963 0.02692708333333336 0.026545138888888785
0 0.6510763888888889 0.6386053240740741 0.05321180555555571 0.056192129629629585
0 0.40760416666666666 0.722482638888889 0.061267361111111106 0.06189236111111107
0 0.40779513888888885 0.8147858796296296 0.06303819444444443 0.0666261574074074
0 0.5350173611111112 0.7202719907407408 0.05729166666666678 0.06021412037037024
0 0.5422743055555556 0.8131481481481482 0.06378472222222235 0.06586805555555557
0 0.66015625 0.7196932870370369 0.058819444444444355 0.05947916666666657
0 0.6679861111111111 0.8078587962962963 0.06453124999999993 0.06510995370370373