0 0.41675347222222225 0.5717881944444445 0.02730902777777775 0.02673611111111107
0 0.5364236111111111 0.5697048611111111 0.027170138888888928 0.024392361111111073
0 0.6531076388888889 0.5700810185185186 0.027262731481481416 0.02595486111111107
0 0.4174247685185185 0.6359664351851853 0.06031828703703699 0.05758101851851851
0 0.5410937499999999 0.6353009259259259 0.05714699074074083 0.056684027777777854
0 0.6608101851851852 0.6339988425925925 0.0555381944444445 0.05584490740740726
0 0.42017361111111107 0.7219907407407408 0.06592592592592598 0.06012731481481488
0 0.5460011574074073 0.718113425925926 0.06045717592592581 0.05992476851851851
0 0.6711400462962963 0.7158275462962963 0.05967592592592581 0.05989583333333339
0 0.41915509259259254 0.8105034722222222 0.06395254629629629 0.06629050925925953
0 0.5528877314814815 0.8078993055555556 0.06454861111111114 0.06319444444444464
0 0.6802314814814815 0.8031828703703703 0.06546874999999996 0.06556712962962977