0 0.22541666666666665 0.3600347222222222 0.055625000000000036 0.04064814814814817
0 0.45505208333333336 0.3861921296296297 0.05161458333333328 0.038854166666666676
0 0.67 0.4091261574074074 0.04848958333333329 0.038668981481481526
0 0.21901041666666665 0.4561284722222222 0.11463541666666668 0.08538773148148149
0 0.4528125 0.47861111111111115 0.10583333333333336 0.08175347222222236
0 0.671875 0.49865162037037036 0.09859375000000004 0.07821180555555554
0 0.21098958333333334 0.5764409722222222 0.11791666666666663 0.08791666666666664
0 0.45223958333333336 0.5930902777777778 0.10760416666666668 0.08497106481481484
0 0.67546875 0.6094560185185185 0.09875000000000007 0.08055555555555553
0 0.20182291666666666 0.7021759259259259 0.12140624999999998 0.09357060185185198
0 0.44885416666666667 0.7144618055555556 0.11031250000000004 0.09057870370370366
0 0.6769791666666667 0.7279803240740741 0.10458333333333343 0.08634837962962968