0 0.27890625 0.30703125 0.0484375 0.0375
0 0.509375 0.28828125 0.053125 0.0390625
0 0.7609375 0.26640625 0.059375 0.04296875
0 0.2703125 0.40390625 0.1 0.0765625
0 0.503125 0.3890625 0.11171875 0.0828125
0 0.76171875 0.37265625 0.12109375 0.08828125
0 0.2609375 0.5234375 0.10234375 0.08125
0 0.49765625 0.51484375 0.11484375 0.08515625
0 0.7640625 0.503125 0.125 0.08984375
0 0.24921875 0.6515625 0.10625 0.08828125
0 0.49453125 0.646875 0.11328125 0.09140625
0 0.76484375 0.64296875 0.12890625 0.09609375