0 0.2723784722222222 0.28891782407407407 0.039293981481481485 0.03269675925925926
0 0.45357060185185183 0.28781828703703705 0.04398726851851844 0.033651620370370415
0 0.6503645833333334 0.2841724537037037 0.04633680555555557 0.034519675925925954
0 0.26435185185185184 0.36516203703703703 0.07936921296296298 0.06542245370370363
0 0.4479050925925926 0.36649305555555556 0.08563078703703705 0.0672164351851852
0 0.6478587962962963 0.367650462962963 0.09192129629629626 0.0729166666666666
0 0.2548958333333333 0.45931712962962956 0.08016203703703706 0.06701388888888893
0 0.24389467592592595 0.5557581018518519 0.08175347222222218 0.07097800925925916
0 0.44082175925925926 0.46464120370370365 0.08799768518518522 0.07042824074074083
0 0.6431423611111111 0.4690104166666667 0.09349537037037052 0.07453703703703703
0 0.4329803240740741 0.5658854166666666 0.08802662037037035 0.07433449074074083
0 0.6400231481481481 0.5751157407407408 0.09898726851851851 0.07786458333333339