0 0.29594907407407406 0.27450810185185187 0.058993055555555604 0.04198495370370372
0 0.5441377314814815 0.2833043981481481 0.05586805555555543 0.041869212962962976
0 0.77734375 0.287962962962963 0.05508680555555543 0.04184027777777786
0 0.2950520833333333 0.37621527777777775 0.11890625000000003 0.08868634259259256
0 0.5470312500000001 0.3809606481481481 0.11095486111111122 0.08370949074074074
0 0.7857060185185185 0.38541666666666663 0.10233796296296305 0.08260995370370372
0 0.2957233796296296 0.5044560185185185 0.12212384259259253 0.0919270833333334
0 0.5530324074074074 0.5043113425925926 0.11500000000000003 0.08854166666666678
0 0.795474537037037 0.5039351851851852 0.10399305555555571 0.08579282407407404
0 0.29421296296296295 0.6382523148148148 0.12302083333333336 0.0958622685185185
0 0.5584143518518518 0.6331597222222223 0.11835648148148152 0.09646990740740743
0 0.805451388888889 0.6294849537037037 0.1127719907407407 0.09236111111111107