0 0.25069444444444444 0.3827083333333333 0.04976851851851851 0.03916666666666657
0 0.4768229166666666 0.3558854166666666 0.05373263888888893 0.04098958333333336
0 0.7224537037037037 0.32697916666666665 0.05769675925925917 0.04281249999999996
0 0.23778935185185185 0.47833333333333333 0.1013020833333333 0.08390625000000007
0 0.46953125 0.45505208333333336 0.11238425925925917 0.08854166666666678
0 0.7230613425925926 0.42796874999999995 0.12097800925925917 0.08911458333333329
0 0.2211226851851852 0.5992708333333333 0.1046585648148148 0.09036458333333322
0 0.461574074074074 0.5785416666666666 0.11409143518518512 0.09255208333333335
0 0.723929398148148 0.5571354166666667 0.12361111111111107 0.09708333333333333
0 0.20243055555555553 0.7289583333333333 0.11354166666666661 0.09875000000000007
0 0.4541087962962963 0.7153125 0.12384259259259256 0.10333333333333332
0 0.725289351851852 0.6995833333333333 0.1325520833333332 0.10703125