0 0.34140625 0.5625 0.03046875 0.02578125
0 0.4640625 0.5609375 0.0296875 0.02734375
0 0.33828125 0.6296875 0.05859375 0.05859375
0 0.46328125 0.62734375 0.059375 0.05859375
0 0.5875 0.55859375 0.0296875 0.02578125
0 0.58984375 0.62578125 0.06015625 0.05859375
0 0.59453125 0.71015625 0.06484375 0.06484375
0 0.4640625 0.7125 0.06484375 0.065625
0 0.33046875 0.71484375 0.0609375 0.06171875
0 0.325 0.80546875 0.0671875 0.0671875
0 0.4609375 0.80625 0.06484375 0.065625
0 0.6015625 0.8015625 0.0703125 0.0671875