0 0.31538194444444445 0.23136574074074073 0.05307291666666671 0.034363425925925915
0 0.5359895833333332 0.25979166666666664 0.048385416666666715 0.034224537037037095
0 0.7347916666666666 0.28444444444444444 0.042881944444444466 0.032500000000000015
0 0.3119097222222222 0.31725694444444447 0.11177083333333329 0.0759201388888889
0 0.5411805555555556 0.34281249999999996 0.10074652777777775 0.07168981481481485
0 0.7463541666666667 0.362181712962963 0.08815972222222221 0.06741319444444445
0 0.30940972222222224 0.4297569444444444 0.11657986111111107 0.08152777777777782
0 0.5474305555555555 0.4485358796296296 0.10008680555555553 0.07713541666666668
0 0.7581770833333333 0.46337962962962964 0.09138888888888878 0.07219328703703702
0 0.304375 0.55078125 0.1222048611111111 0.08872106481481482
0 0.5534895833333333 0.5628530092592593 0.10727430555555557 0.084375
0 0.7737326388888889 0.5725057870370371 0.09697916666666657 0.07782407407407418