0 0.34453125 0.56796875 0.0296875 0.02578125
0 0.4625 0.57109375 0.0265625 0.02578125
0 0.5796875 0.57265625 0.02890625 0.0265625
0 0.58046875 0.6359375 0.0578125 0.053125
0 0.46015625 0.63359375 0.0546875 0.0515625
0 0.33984375 0.63125 0.05390625 0.05234375
0 0.4578125 0.715625 0.059375 0.0578125
0 0.3328125 0.71484375 0.059375 0.05859375
0 0.584375 0.71796875 0.059375 0.0609375
0 0.58515625 0.80546875 0.05859375 0.06171875
0 0.45625 0.80546875 0.059375 0.059375
0 0.32421875 0.803125 0.0609375 0.05859375