0 0.26122685185185185 0.3305902777777778 0.053761574074074045 0.04138310185185183
0 0.49140625 0.33026041666666667 0.05379050925925917 0.042164351851851835
0 0.26559606481481485 0.42741898148148144 0.11082175925925926 0.087638888888889
0 0.5002314814814814 0.4205613425925926 0.10520833333333339 0.08340856481481485
0 0.7074074074074075 0.3276388888888889 0.05219907407407405 0.041290509259259256
0 0.7192708333333334 0.41541087962962964 0.09638310185185191 0.07664930555555553
0 0.27077546296296295 0.5461226851851853 0.11160300925925926 0.08768518518518516
0 0.2722800925925926 0.6713078703703703 0.12120949074074075 0.09449074074074079
0 0.5099537037037037 0.5350810185185185 0.10523726851851851 0.08418981481481466
0 0.5191261574074074 0.6558969907407407 0.10697337962962976 0.08896990740740733
0 0.7344328703703704 0.5288252314814814 0.09597800925925917 0.08675925925925938
0 0.7495949074074074 0.6422395833333333 0.09910300925925916 0.08694444444444435