0 0.38154513888888886 0.26123263888888887 0.03162037037037031 0.026851851851851904
0 0.5274305555555555 0.2385127314814815 0.03242476851851848 0.028460648148148148
0 0.3793576388888889 0.3246990740740741 0.06403356481481488 0.05453124999999996
0 0.5260474537037038 0.30349537037037033 0.07031828703703695 0.05724537037037036
0 0.3789178240740741 0.40057291666666667 0.06168981481481488 0.05439236111111114
0 0.5248958333333333 0.3841030092592593 0.07111111111111104 0.058072916666666696
0 0.6904224537037037 0.20930555555555558 0.03947916666666664 0.03043981481481488
0 0.6930150462962963 0.278744212962963 0.08210648148148145 0.06262731481481483
0 0.6927256944444444 0.36477430555555557 0.08211805555555554 0.06340856481481483
0 0.3753761574074074 0.4781944444444445 0.06405671296296296 0.056093750000000143
0 0.5253298611111111 0.46618055555555554 0.07115740740740736 0.06119791666666661
0 0.6948032407407407 0.45222800925925927 0.08369212962962962 0.0642824074074074