0 0.27948495370370374 0.27765625 0.051846064814814775 0.03932291666666661
0 0.5106423611111112 0.2653645833333333 0.057384259259259274 0.042031249999999964
0 0.7473148148148148 0.25114583333333335 0.056603009259259277 0.04197916666666668
0 0.2681365740740741 0.3711979166666667 0.10458912037037038 0.08260416666666667
0 0.5031539351851851 0.36020833333333335 0.10932291666666671 0.08447916666666666
0 0.7444907407407407 0.34645833333333337 0.11173611111111104 0.08697916666666661
0 0.25528935185185186 0.4890104166666667 0.1094155092592592 0.08760416666666657
0 0.49657986111111113 0.4768229166666666 0.11180555555555553 0.08932291666666678
0 0.7402141203703704 0.46447916666666667 0.1149537037037037 0.09031249999999993
0 0.24156828703703703 0.61 0.11187500000000003 0.09166666666666679
0 0.48596064814814816 0.5983854166666667 0.11263310185185187 0.09093750000000007
0 0.7358449074074074 0.5856250000000001 0.11355324074074069 0.09567708333333336