0 0.29142939814814817 0.24976273148148148 0.05525462962962955 0.03869212962962969
0 0.5212152777777778 0.2527372685185185 0.052725694444444395 0.03544560185185182
0 0.7280671296296296 0.2521990740740741 0.0473032407407409 0.035943287037037044
0 0.2967997685185185 0.3403877314814815 0.11786458333333334 0.08321759259259257
0 0.5349479166666666 0.33901041666666665 0.10582175925925927 0.07714120370370373
0 0.746255787037037 0.3343229166666667 0.09309027777777779 0.07258680555555559
0 0.30535300925925923 0.45827546296296295 0.12204861111111107 0.08810763888888892
0 0.5500231481481481 0.44793981481481476 0.1084432870370371 0.08195023148148159
0 0.7681307870370371 0.4389814814814814 0.09649305555555561 0.07743634259259266
0 0.3112905092592593 0.5849189814814815 0.12719907407407405 0.0961631944444445
0 0.5679513888888889 0.5653414351851852 0.11032986111111107 0.0875
0 0.7942824074074074 0.5496875 0.10072337962962959 0.08310763888888886