0 0.3479166666666667 0.3387731481481482 0.037696759259259235 0.02795138888888893
0 0.5034606481481482 0.3431712962962963 0.036122685185185154 0.02633101851851851
0 0.6449247685185184 0.34574652777777776 0.03220486111111107 0.02462384259259256
0 0.34997106481481477 0.40512152777777777 0.0753993055555556 0.056684027777777854
0 0.5101678240740741 0.40465856481481477 0.06755787037037031 0.05248842592592595
0 0.6531770833333332 0.40483217592592596 0.06208333333333336 0.05150462962962958
0 0.35370370370370374 0.48703703703703705 0.07854745370370378 0.05992476851851851
0 0.5169907407407408 0.48177083333333337 0.07071180555555542 0.056510416666666785
0 0.6630960648148149 0.47792245370370373 0.06365740740740726 0.053125
0 0.3551273148148148 0.5737268518518519 0.08170138888888889 0.06394675925925916
0 0.5238541666666666 0.5643518518518518 0.07230324074074072 0.06047453703703702
0 0.6746180555555557 0.556423611111111 0.06446180555555543 0.05627893518518512