0 0.29788194444444444 0.3173900462962963 0.04992476851851855 0.04004629629629637
0 0.5256770833333333 0.30711805555555555 0.05856481481481488 0.041145833333333395
0 0.7766782407407408 0.29380787037037037 0.06270254629629637 0.045196759259259256
0 0.2950289351851852 0.4139467592592593 0.10389467592592591 0.08258101851851851
0 0.5285243055555556 0.40778356481481487 0.11745370370370374 0.08776041666666679
0 0.784537037037037 0.40011574074074074 0.12632523148148156 0.09276620370370363
0 0.2904861111111111 0.5346064814814815 0.10885995370370374 0.08744212962962958
0 0.5297280092592593 0.5333333333333333 0.11685763888888889 0.09085648148148148
0 0.7923611111111111 0.5321469907407408 0.1304166666666667 0.09603587962962959
0 0.2901736111111111 0.6608796296296295 0.11221643518518523 0.09146412037037024
0 0.5320833333333332 0.665162037037037 0.11947916666666672 0.09563078703703702
0 0.8037731481481482 0.6721064814814814 0.1344618055555557 0.09852430555555554