0 0.3760127314814815 0.2963599537037037 0.0345659722222222 0.02679976851851853
0 0.3724247685185185 0.3587673611111111 0.06445601851851848 0.05502314814814815
0 0.5206712962962963 0.28345486111111107 0.035358796296296194 0.028385416666666607
0 0.5178298611111112 0.3505729166666667 0.07228587962962969 0.05759837962962964
0 0.6840856481481481 0.2703240740740741 0.04162037037037045 0.030133101851851852
0 0.6843460648148149 0.3406597222222222 0.08012152777777785 0.060954861111111126
0 0.36873842592592593 0.4344560185185185 0.0668055555555556 0.05587384259259256
0 0.36504629629629626 0.5109259259259259 0.06601851851851848 0.05506944444444439
0 0.5172395833333333 0.4302604166666667 0.06914930555555543 0.05594328703703706
0 0.5142881944444444 0.5122222222222221 0.07229166666666664 0.058379629629629545
0 0.6837152777777777 0.4258159722222222 0.08169560185185176 0.06256365740740737
0 0.6846296296296297 0.5133622685185185 0.0840451388888889 0.06341435185185187