0 0.24335648148148148 0.28023148148148147 0.04890046296296298 0.04184027777777777
0 0.4516435185185186 0.29218171296296297 0.0472974537037036 0.04096643518518519
0 0.6440219907407407 0.2995891203703704 0.04405092592592581 0.038437500000000034
0 0.4528414351851852 0.3908506944444444 0.09742476851851851 0.0914467592592592
0 0.23460069444444445 0.38340856481481483 0.10601851851851851 0.0919560185185185
0 0.2244212962962963 0.5195833333333334 0.10646412037037037 0.10054976851851852
0 0.4564814814814815 0.5215046296296296 0.10259837962962966 0.10109953703703703
0 0.658420138888889 0.39590856481481485 0.08945023148148153 0.08785879629629623
0 0.6727951388888889 0.5220081018518519 0.09614583333333329 0.09682291666666672
0 0.6906076388888889 0.6690625000000001 0.10571180555555557 0.11608217592592603
0 0.46281828703703703 0.6739409722222222 0.11825231481481477 0.11760416666666665
0 0.21151041666666667 0.6786458333333334 0.12079861111111115 0.12164930555555564