0 0.28787615740740746 0.3084664351851852 0.04322916666666661 0.028437499999999984
0 0.4688078703703704 0.31840277777777776 0.04010416666666679 0.028414351851851906
0 0.6350405092592593 0.3243229166666667 0.037673611111111074 0.02605324074074069
0 0.28605324074074073 0.3787847222222222 0.08885995370370373 0.05845486111111118
0 0.46941550925925923 0.3863946759259259 0.08101851851851852 0.05761574074074076
0 0.6403935185185186 0.3907870370370371 0.07621527777777785 0.054456018518518515
0 0.28350694444444446 0.4686342592592593 0.09137731481481488 0.06315972222222221
0 0.4725983796296296 0.4692534722222222 0.08414351851851869 0.05763888888888893
0 0.6459201388888889 0.47366319444444444 0.08032407407407405 0.059953703703703634
0 0.28000578703703705 0.5631655092592592 0.09548611111111108 0.06865740740740733
0 0.47462384259259255 0.5622627314814814 0.08599537037037024 0.06546296296296301
0 0.6543402777777778 0.5628124999999999 0.07962962962962958 0.062291666666666676