0 0.29921875 0.30546875 0.04140625 0.028125
0 0.47890625 0.31328125 0.0390625 0.0265625
0 0.6453125 0.31953125 0.0375 0.0265625
0 0.3 0.37734375 0.0859375 0.0578125
0 0.48359375 0.38203125 0.07890625 0.05546875
0 0.65390625 0.3859375 0.07421875 0.0546875
0 0.3 0.46640625 0.08984375 0.0609375
0 0.48984375 0.46796875 0.08046875 0.059375
0 0.6640625 0.46953125 0.07734375 0.05703125
0 0.29921875 0.56171875 0.09140625 0.06640625
0 0.49453125 0.55859375 0.0828125 0.0640625
0 0.67421875 0.55703125 0.07890625 0.0609375