0 0.40692708333333333 0.3091261574074074 0.033645833333333285 0.02469328703703706
0 0.5419270833333334 0.3165104166666667 0.03031250000000014 0.021521990740740727
0 0.6682291666666667 0.32245949074074076 0.02953125000000014 0.021510416666666643
0 0.41229166666666667 0.36613425925925924 0.06567708333333329 0.04858217592592595
0 0.5480208333333334 0.3727256944444444 0.05994791666666668 0.04459490740740737
0 0.6733854166666667 0.3763425925925926 0.05593749999999993 0.04297453703703704
0 0.41541666666666666 0.4364699074074075 0.06802083333333328 0.04861689814814803
0 0.5532291666666667 0.43912037037037044 0.06088541666666671 0.046950231481481454
0 0.6799999999999999 0.44037037037037036 0.05682291666666668 0.04454861111111121
0 0.4208854166666667 0.5067708333333334 0.06963541666666657 0.04942129629629619
0 0.5592708333333334 0.5062847222222222 0.06015625 0.047719907407407544
0 0.6859895833333333 0.5067534722222222 0.057656250000000145 0.04534143518518512