0 0.17265625 0.29765625 0.05 0.03984375
0 0.38203125 0.32578125 0.0453125 0.040625
0 0.5734375 0.3515625 0.03984375 0.0375
0 0.15625 0.3984375 0.10390625 0.08671875
0 0.37578125 0.42265625 0.0921875 0.0828125
0 0.13203125 0.53671875 0.1125 0.09921875
0 0.37109375 0.55546875 0.1015625 0.0984375
0 0.57734375 0.4453125 0.0875 0.0859375
0 0.5828125 0.57265625 0.090625 0.09453125
0 0.1078125 0.69453125 0.12421875 0.11796875
0 0.36328125 0.7046875 0.11171875 0.10625
0 0.590625 0.71484375 0.09765625 0.10390625