0 0.3773900462962963 0.29765625 0.031163194444444466 0.024791666666666677
0 0.5107060185185185 0.30109375 0.029577546296296296 0.02394097222222218
0 0.636255787037037 0.30331597222222223 0.02799189814814813 0.02309027777777777
0 0.37567708333333333 0.35546875 0.0654745370370371 0.05050347222222218
0 0.50984375 0.3565277777777778 0.05991319444444443 0.047135416666666693
0 0.636244212962963 0.3563715277777778 0.055179398148148096 0.045364583333333285
0 0.374375 0.4257465277777778 0.06542824074074076 0.04894097222222236
0 0.5102199074074074 0.4228298611111111 0.05917824074074076 0.048663194444444356
0 0.6358854166666668 0.4211458333333333 0.05522569444444443 0.046927083333333286
0 0.37148726851851854 0.496875 0.06549768518518517 0.051284722222222176
0 0.5097453703703703 0.49151041666666667 0.06076388888888893 0.04951388888888886
0 0.6370428240740741 0.4874131944444445 0.056076388888888926 0.04930555555555553