0 0.31736689814814817 0.3084664351851852 0.04385416666666666 0.028437499999999984
0 0.49912615740740734 0.31840277777777776 0.04072916666666657 0.028414351851851906
0 0.6658101851851852 0.3243229166666667 0.03824652777777775 0.02605324074074069
0 0.32231481481481483 0.3787847222222222 0.0901446759259259 0.05845486111111118
0 0.5062789351851852 0.3863946759259259 0.08228587962962966 0.05761574074074076
0 0.6775578703703704 0.3907870370370371 0.0774131944444445 0.054456018518518515
0 0.3284201388888889 0.4686342592592593 0.09276620370370373 0.06315972222222221
0 0.5174363425925926 0.4692534722222222 0.08541087962962965 0.05763888888888893
0 0.6910590277777777 0.47366319444444444 0.08164351851851848 0.059953703703703634
0 0.33402199074074074 0.5631655092592592 0.09699652777777779 0.06865740740740733
0 0.5284143518518519 0.5622627314814814 0.08743634259259245 0.06546296296296301
0 0.7080555555555555 0.5628124999999999 0.08100115740740747 0.062291666666666676