0 0.33081597222222225 0.3859664351851852 0.03314814814814815 0.023871527777777856
0 0.47134837962962967 0.38700810185185186 0.030023148148148236 0.023755787037037023
0 0.6064236111111111 0.3874710648148148 0.030011574074073975 0.022974537037037022
0 0.32762731481481483 0.44308449074074074 0.06631944444444446 0.04930555555555553
0 0.47130787037037036 0.4424479166666666 0.06474537037037038 0.04846643518518512
0 0.60875 0.44126157407407407 0.06003472222222221 0.04673032407407405
0 0.32266782407407407 0.5143229166666666 0.0687094907407408 0.05251736111111107
0 0.47027777777777774 0.5119791666666667 0.06553819444444446 0.04927662037037024
0 0.6100868055555555 0.5091435185185185 0.06164351851851855 0.04991319444444446
0 0.31766203703703705 0.5886863425925926 0.07186921296296304 0.0549768518518519
0 0.4684201388888889 0.5846643518518518 0.06637731481481488 0.05321180555555553
0 0.6113773148148148 0.580150462962963 0.06401041666666671 0.0515625