0 0.22734375 0.2953125 0.04765625 0.040625
0 0.43359375 0.31796875 0.0421875 0.03671875
0 0.2140625 0.39609375 0.1 0.0875
0 0.19765625 0.53359375 0.10390625 0.09921875
0 0.43203125 0.4140625 0.0921875 0.08203125
0 0.428125 0.54921875 0.09765625 0.096875
0 0.17578125 0.68984375 0.1171875 0.1125
0 0.4234375 0.6984375 0.10390625 0.11015625
0 0.628125 0.3375 0.0390625 0.03515625
0 0.634375 0.43359375 0.0859375 0.08046875
0 0.6421875 0.56328125 0.0953125 0.0921875
0 0.653125 0.7078125 0.09453125 0.10390625