0 0.37286458333333333 0.45052083333333337 0.032760416666666715 0.02497106481481488
0 0.37177083333333333 0.504079861111111 0.06947916666666672 0.05101273148148131
0 0.5096354166666667 0.4730902777777778 0.03182291666666668 0.022569444444444465
0 0.6346354166666667 0.4940104166666666 0.029479166666666678 0.022395833333333216
0 0.5108333333333333 0.5260416666666667 0.06005208333333343 0.049537037037037025
0 0.6395312499999999 0.5441261574074074 0.059114583333333214 0.047135416666666784
0 0.3709895833333333 0.5739872685185186 0.07119791666666657 0.05347222222222214
0 0.5144791666666666 0.5923900462962963 0.0640625 0.05138888888888893
0 0.6463020833333333 0.6107060185185185 0.06171875 0.05121527777777786
0 0.3690104166666667 0.6492476851851852 0.0747395833333333 0.05995370370370381
0 0.5169791666666667 0.6648726851851852 0.06755208333333336 0.057089120370370415
0 0.6540625 0.68046875 0.0619270833333335 0.054340277777777855