0 0.32957175925925924 0.4505787037037036 0.032899305555555536 0.02581018518518512
0 0.46348379629629627 0.47303240740740743 0.03203125 0.023408564814814882
0 0.3236400462962963 0.5049768518518519 0.07129629629629637 0.05280671296296298
0 0.4599537037037037 0.5260416666666666 0.06264467592592596 0.05060763888888893
0 0.5880497685185185 0.4940104166666666 0.02887731481481488 0.022395833333333216
0 0.5877604166666666 0.5441261574074074 0.05558449074074083 0.04930555555555553
0 0.31322337962962965 0.5747106481481482 0.07135416666666669 0.05436921296296297
0 0.304224537037037 0.6484664351851852 0.07065972222222223 0.05665509259259256
0 0.4566840277777778 0.5931712962962963 0.0642939814814815 0.05306712962962958
0 0.45167824074074064 0.6648726851851852 0.06675347222222214 0.056365740740740834
0 0.5884548611111111 0.6099826388888889 0.05789930555555571 0.048697916666666785
0 0.5881944444444445 0.68046875 0.0588831018518519 0.05422453703703702