0 0.3104513888888889 0.23136574074074073 0.05380208333333334 0.034363425925925915
0 0.5305729166666667 0.25979166666666664 0.04911458333333343 0.034224537037037095
0 0.7289583333333333 0.28444444444444444 0.04357638888888893 0.032500000000000015
0 0.30506944444444445 0.31725694444444447 0.11338541666666666 0.0759201388888889
0 0.5339236111111111 0.34281249999999996 0.1022743055555555 0.07168981481481485
0 0.7388020833333333 0.362181712962963 0.08960069444444443 0.06741319444444445
0 0.30006944444444444 0.4297569444444444 0.11831597222222223 0.08152777777777782
0 0.5378298611111111 0.4485358796296296 0.10173611111111107 0.07713541666666668
0 0.7483854166666667 0.46337962962962964 0.09293402777777793 0.07219328703703702
0 0.29234375 0.55078125 0.12409722222222222 0.08872106481481482
0 0.5413541666666667 0.5628530092592593 0.10907986111111115 0.084375
0 0.7615277777777778 0.5725057870370371 0.09864583333333332 0.07782407407407418