0 0.3688020833333333 0.3005613425925926 0.033072916666666695 0.028964120370370418
0 0.5159895833333333 0.29173032407407407 0.036093750000000036 0.027563657407407405
0 0.6821354166666667 0.28074652777777775 0.04255208333333336 0.03101273148148147
0 0.36234375 0.3621585648148148 0.0651041666666667 0.05398148148148145
0 0.5091666666666667 0.3587962962962963 0.07390624999999992 0.05755208333333339
0 0.35406250000000006 0.43934027777777784 0.06442708333333336 0.05550347222222207
0 0.5022395833333333 0.43918402777777776 0.07557291666666668 0.0591956018518518
0 0.34578125000000004 0.5165219907407407 0.06369791666666665 0.056244212962963044
0 0.49442708333333335 0.52109375 0.07484374999999996 0.0599363425925926
0 0.6774479166666667 0.3510590277777778 0.08421874999999997 0.060422453703703735
0 0.6701041666666667 0.4376967592592592 0.08671875 0.06288773148148152
0 0.6658333333333333 0.5252777777777778 0.08614583333333332 0.06597222222222214