0 0.2777951388888889 0.26493055555555556 0.03991898148148145 0.030931712962962977
0 0.46035300925925926 0.24685763888888887 0.04309027777777778 0.03265624999999996
0 0.6553645833333333 0.2265740740740741 0.04789351851851862 0.036805555555555536
0 0.2730092592592593 0.3410763888888889 0.07836805555555557 0.06490740740740737
0 0.45485532407407414 0.3253877314814815 0.0870081018518519 0.06691550925925922
0 0.6554976851851853 0.31028935185185186 0.09498263888888889 0.07278935185185187
0 0.2640914351851852 0.4362152777777778 0.08314814814814815 0.06827546296296312
0 0.4523263888888889 0.4248900462962963 0.0894444444444444 0.07016203703703709
0 0.6522569444444445 0.41217592592592595 0.09893518518518522 0.07455439814814806
0 0.25526620370370373 0.5344791666666666 0.08478009259259256 0.07070023148148152
0 0.44674189814814813 0.5268981481481482 0.09266203703703706 0.07344907407407408
0 0.6523032407407408 0.519369212962963 0.09592592592592589 0.07829861111111107