0 0.27728587962962964 0.29473958333333333 0.05373263888888893 0.03788773148148152
0 0.5092303240740741 0.2953645833333334 0.054484953703703806 0.037112268518518475
0 0.7474247685185185 0.295943287037037 0.05529513888888893 0.03789930555555561
0 0.2659722222222222 0.38932870370370376 0.10679976851851851 0.07889467592592592
0 0.5010416666666666 0.38993055555555556 0.10980902777777786 0.07579282407407409
0 0.7423321759259259 0.3912673611111111 0.10992476851851851 0.07891782407407408
0 0.2515625 0.5042476851851851 0.10995370370370372 0.07969907407407409
0 0.4920138888888889 0.5071527777777778 0.11076388888888893 0.08048611111111122
0 0.7372106481481481 0.5084606481481482 0.11079282407407405 0.08126736111111121
0 0.23689236111111112 0.6261979166666667 0.11238425925925925 0.08206018518518512
0 0.48211805555555554 0.626724537037037 0.11331018518518512 0.08597222222222207
0 0.7333622685185185 0.633454861111111 0.11331018518518512 0.08597222222222226