0 0.31979166666666664 0.3984375 0.033819444444444444 0.02265625
0 0.460138888888889 0.4046875 0.03225694444444436 0.02265625
0 0.5943055555555555 0.409375 0.030659722222222286 0.021875
0 0.3141319444444445 0.45546875 0.06774305555555556 0.04765625
0 0.4568923611111111 0.46015625 0.06532986111111114 0.04609375
0 0.59421875 0.4640625 0.06131944444444439 0.04375
0 0.30710069444444443 0.52578125 0.07175347222222221 0.05
0 0.4538368055555555 0.52890625 0.06855902777777771 0.0484375
0 0.5935416666666666 0.53203125 0.06383680555555564 0.04765625
0 0.2998611111111111 0.60078125 0.07342013888888896 0.05234375
0 0.45057291666666666 0.60234375 0.06944444444444446 0.05078125
0 0.5942881944444445 0.603125 0.06703124999999996 0.04921875