0 0.38203125 0.5859375 0.02578125 0.02578125
0 0.5015625 0.58828125 0.02578125 0.0234375
0 0.61796875 0.59296875 0.02578125 0.025
0 0.37890625 0.65 0.05703125 0.05546875
0 0.50234375 0.65390625 0.05390625 0.0546875
0 0.621875 0.65703125 0.05234375 0.05390625
0 0.3765625 0.7359375 0.0625 0.0578125
0 0.50234375 0.73671875 0.05703125 0.0578125
0 0.62734375 0.7390625 0.05625 0.0578125
0 0.3703125 0.82421875 0.06015625 0.0640625
0 0.50390625 0.8265625 0.0609375 0.0609375
0 0.63125 0.8265625 0.06171875 0.06328125