0 0.3899131944444444 0.40744791666666663 0.031898148148148134 0.023263888888888928
0 0.5313657407407407 0.4027256944444444 0.031874999999999966 0.022482638888888927
0 0.6696469907407407 0.39657986111111115 0.03111689814814813 0.02322916666666668
0 0.3916030092592592 0.46447916666666667 0.06545138888888893 0.049722222222222355
0 0.5337905092592592 0.4581597222222221 0.06386574074074076 0.048871527777777854
0 0.6760011574074074 0.4526215277777778 0.06386574074074076 0.048871527777777854
0 0.39217013888888885 0.5364236111111111 0.07025462962962958 0.0538368055555555
0 0.5397800925925926 0.5282986111111111 0.0686689814814816 0.052986111111111
0 0.6858738425925927 0.5218055555555555 0.06552083333333343 0.052065972222222354
0 0.39207175925925924 0.6123090277777777 0.07425347222222226 0.05713541666666657
0 0.545931712962963 0.60390625 0.07110532407407408 0.05621527777777775
0 0.6951273148148148 0.5964930555555557 0.07030092592592592 0.0553993055555555