0 0.3875 0.28046875 0.03125 0.02734375
0 0.53359375 0.2640625 0.034375 0.02578125
0 0.6984375 0.24453125 0.040625 0.02890625
0 0.38515625 0.3421875 0.06171875 0.05078125
0 0.53125 0.33125 0.0703125 0.05390625
0 0.38203125 0.41953125 0.0609375 0.05234375
0 0.5296875 0.41171875 0.071875 0.05546875
0 0.37890625 0.496875 0.06015625 0.053125
0 0.52734375 0.49375 0.07109375 0.05625
0 0.6984375 0.31484375 0.08046875 0.05625
0 0.696875 0.4015625 0.0828125 0.05859375
0 0.6984375 0.4890625 0.08203125 0.06171875