0 0.2150752314814815 0.29858217592592595 0.053009259259259256 0.04334490740740744
0 0.19586805555555556 0.39769675925925924 0.09972800925925922 0.08586226851851846
0 0.17171296296296296 0.5319444444444444 0.11197337962962965 0.09610532407407409
0 0.4187094907407407 0.3204108796296296 0.04980324074074076 0.041759259259259274
0 0.4097395833333334 0.4180381944444444 0.10124999999999992 0.08509259259259264
0 0.3997280092592593 0.5508275462962964 0.10654513888888895 0.09684606481481488
0 0.14391782407407408 0.6911747685185186 0.12536458333333336 0.11338541666666657
0 0.389525462962963 0.7023726851851851 0.11212384259259256 0.11406828703703695
0 0.6154050925925926 0.5664930555555555 0.09704861111111107 0.09443287037037038
0 0.6164641203703705 0.7118692129629629 0.10510416666666664 0.09917824074074062
0 0.6118923611111111 0.4382928240740741 0.09253472222222214 0.08268518518518508
0 0.6114467592592593 0.3413773148148148 0.041869212962962976 0.03935763888888886