0 0.26013310185185184 0.2477199074074074 0.05681712962962955 0.03917824074074074
0 0.4881597222222222 0.24899884259259258 0.05295717592592588 0.039728009259259255
0 0.6937615740740741 0.24771412037037038 0.04656828703703706 0.03701388888888886
0 0.25471643518518516 0.33912615740740737 0.11864583333333334 0.08410300925925931
0 0.49005208333333333 0.335300925925926 0.1058680555555556 0.07867476851851851
0 0.701400462962963 0.3290046296296296 0.09791666666666679 0.07586805555555554
0 0.24855324074074076 0.4562673611111111 0.12443865740740741 0.08989583333333329
0 0.49450810185185184 0.4440277777777778 0.10770833333333343 0.083454861111111
0 0.7116030092592593 0.4327199074074074 0.09966435185185177 0.0790856481481482
0 0.24183449074074073 0.5827835648148149 0.12788773148148155 0.09554976851851862
0 0.49762731481481487 0.5621759259259259 0.11046875000000007 0.090625
0 0.7244675925925926 0.5440625 0.10228587962962958 0.08391203703703702