0 0.22541666666666665 0.33243055555555556 0.055625000000000036 0.0402546296296296
0 0.45505208333333336 0.3329803240740741 0.05161458333333328 0.03848958333333332
0 0.67 0.3319560185185185 0.04848958333333329 0.03832754629629633
0 0.21901041666666665 0.4285243055555556 0.11463541666666668 0.08457754629629619
0 0.4528125 0.42496527777777776 0.10583333333333336 0.08100694444444442
0 0.671875 0.420613425925926 0.09859375000000004 0.07751736111111107
0 0.21098958333333334 0.5488368055555556 0.11791666666666663 0.08708333333333336
0 0.45223958333333336 0.5386631944444444 0.10760416666666668 0.08421296296296284
0 0.67546875 0.5302025462962963 0.09875000000000007 0.07986111111111108
0 0.20182291666666666 0.6746585648148148 0.12140624999999998 0.09271412037037034
0 0.44885416666666667 0.6595138888888888 0.11031250000000004 0.08980324074074061
0 0.6769791666666667 0.6476851851851851 0.10458333333333343 0.08561342592592602