0 0.37681134259259264 0.30245949074074074 0.029872685185185155 0.026539351851851835
0 0.5222337962962963 0.295150462962963 0.03457175925925924 0.028344907407407405
0 0.6872106481481481 0.2857291666666667 0.04005208333333332 0.030190972222222178
0 0.37244212962962964 0.36475694444444445 0.062100694444444396 0.054762731481481454
0 0.5194039351851851 0.36065393518518524 0.06836805555555561 0.05743055555555561
0 0.6866956018518519 0.3552604166666667 0.07933449074074073 0.06190393518518515
0 0.36797453703703703 0.4403356481481481 0.062100694444444396 0.054762731481481454
0 0.5156770833333333 0.4417418981481481 0.06993634259259274 0.05829282407407401
0 0.6852719907407407 0.44193865740740745 0.08012152777777785 0.06272569444444435
0 0.3634953703703704 0.5174768518518519 0.06367476851851847 0.05640624999999986
0 0.5135069444444444 0.5236921296296296 0.07149884259259257 0.058373842592592595
0 0.6838425925925925 0.5293981481481482 0.08168402777777786 0.06280671296296295