0 0.24265625000000002 0.2868923611111111 0.04976273148148156 0.04239004629629628
0 0.4500810185185185 0.30190972222222223 0.04409143518518519 0.03828125
0 0.23460069444444445 0.38816550925925924 0.10453703703703701 0.09120370370370363
0 0.22532407407407407 0.5262731481481481 0.10905092592592594 0.10306712962962976
0 0.45350115740740743 0.39806134259259257 0.09644097222222214 0.0854456018518519
0 0.4566030092592593 0.5333622685185185 0.10267939814814823 0.1004918981481481
0 0.21155092592592592 0.6833333333333333 0.12302083333333336 0.11684027777777786
0 0.4596527777777778 0.6827546296296296 0.10961805555555557 0.11400462962962976
0 0.6456250000000001 0.3142361111111111 0.040885416666666785 0.03660300925925926
0 0.6568576388888889 0.4100983796296296 0.09010995370370374 0.08365162037037024
0 0.6713946759259259 0.5394965277777778 0.10009259259259266 0.09571759259259256
0 0.6898263888888889 0.6836226851851852 0.0999189814814816 0.10740740740740744