0 0.27578125 0.2640625 0.053125 0.0359375
0 0.5046875 0.27890625 0.05078125 0.0328125
0 0.7109375 0.2890625 0.0453125 0.03359375
0 0.27578125 0.3546875 0.11328125 0.07734375
0 0.51328125 0.365625 0.1015625 0.071875
0 0.72421875 0.371875 0.0890625 0.06796875
0 0.27734375 0.47265625 0.1171875 0.08203125
0 0.521875 0.475 0.10390625 0.0765625
0 0.73984375 0.47734375 0.0921875 0.07265625
0 0.27578125 0.59921875 0.121875 0.08984375
0 0.5328125 0.59296875 0.10546875 0.08203125
0 0.759375 0.5890625 0.09609375 0.078125