0 0.3375 0.3984375 0.0328125 0.02265625
0 0.478125 0.4046875 0.03125 0.02265625
0 0.6125 0.409375 0.0296875 0.021875
0 0.334375 0.45546875 0.065625 0.04765625
0 0.47734375 0.46015625 0.06328125 0.04609375
0 0.61484375 0.4640625 0.059375 0.04375
0 0.33046875 0.52578125 0.06953125 0.05
0 0.47734375 0.52890625 0.06640625 0.0484375
0 0.6171875 0.53203125 0.06171875 0.04765625
0 0.3265625 0.60078125 0.07109375 0.05234375
0 0.47734375 0.60234375 0.0671875 0.05078125
0 0.62109375 0.603125 0.06484375 0.04921875