0 0.31958333333333333 0.32541666666666663 0.04328124999999998 0.030885416666666644
0 0.4997916666666667 0.34520833333333334 0.04083333333333332 0.029166666666666608
0 0.6666145833333333 0.3625520833333334 0.039270833333333324 0.029062500000000036
0 0.32515625000000004 0.39734375 0.08979166666666671 0.06354166666666661
0 0.5090625 0.4142708333333333 0.08260416666666667 0.06072916666666668
0 0.6796354166666667 0.42953125 0.07786458333333321 0.05963541666666679
0 0.33109374999999996 0.48640624999999993 0.09390625000000004 0.06692708333333322
0 0.5210416666666667 0.500625 0.08442708333333329 0.06473958333333343
0 0.6953645833333333 0.5138020833333334 0.08114583333333343 0.06218749999999993
0 0.33666666666666667 0.5816666666666667 0.0958333333333333 0.07249999999999997
0 0.5317708333333333 0.5915625 0.08708333333333336 0.06958333333333329
0 0.7113541666666666 0.6019791666666666 0.08296875000000004 0.06619791666666668