0 0.38203125 0.58515625 0.02890625 0.0265625
0 0.50078125 0.58984375 0.028125 0.0265625
0 0.6171875 0.5921875 0.02578125 0.02578125
0 0.3796875 0.65078125 0.05625 0.05546875
0 0.5015625 0.65390625 0.0546875 0.05546875
0 0.621875 0.65703125 0.053125 0.05234375
0 0.37421875 0.7328125 0.059375 0.0609375
0 0.50234375 0.73515625 0.0578125 0.0609375
0 0.37109375 0.825 0.06328125 0.06640625
0 0.5046875 0.82578125 0.0640625 0.06328125
0 0.628125 0.73828125 0.05625 0.059375
0 0.6328125 0.8265625 0.06171875 0.0640625