0 0.38671875 0.31484375 0.03125 0.02421875
0 0.5203125 0.325 0.02890625 0.02265625
0 0.6453125 0.33203125 0.02734375 0.02109375
0 0.38671875 0.37265625 0.0640625 0.046875
0 0.52265625 0.38046875 0.05859375 0.04453125
0 0.64765625 0.38515625 0.0546875 0.04375
0 0.3875 0.44296875 0.06328125 0.04765625
0 0.5234375 0.446875 0.05859375 0.04609375
0 0.64921875 0.45 0.0546875 0.04375
0 0.38671875 0.51328125 0.0640625 0.04765625
0 0.52421875 0.51484375 0.05859375 0.04609375
0 0.6515625 0.51640625 0.05546875 0.04453125