0 0.38100115740740736 0.3080729166666667 0.031435185185185156 0.027083333333333393
0 0.5261979166666666 0.30213541666666666 0.03534722222222229 0.028125
0 0.6916898148148147 0.29520833333333335 0.0408333333333335 0.03083333333333336
0 0.3783391203703704 0.37036458333333333 0.06052083333333336 0.05322916666666666
0 0.5251273148148148 0.36843750000000003 0.06914930555555561 0.05848958333333325
0 0.6914236111111112 0.3646875 0.08090856481481482 0.06473958333333334
0 0.374994212962963 0.4458854166666667 0.06365162037037031 0.05421875000000007
0 0.5218171296296296 0.4486458333333333 0.06992476851851848 0.05776041666666672
0 0.6920717592592592 0.45218749999999996 0.08480324074074072 0.06343749999999986
0 0.3716608796296296 0.52296875 0.0628819444444444 0.05572916666666661
0 0.5208622685185185 0.5305729166666666 0.07385995370370377 0.06192708333333332
0 0.6911574074074074 0.5395833333333333 0.0801273148148148 0.06468749999999997