0 0.22926504629629632 0.3802372685185185 0.05054398148148156 0.040422453703703634
0 0.4559780092592593 0.3532986111111111 0.05368055555555564 0.04143518518518521
0 0.7022685185185186 0.3217881944444444 0.05918402777777772 0.044184027777777767
0 0.21070023148148148 0.4744791666666667 0.10032986111111111 0.08234953703703703
0 0.44361689814814814 0.4502025462962963 0.1105555555555556 0.08778935185185191
0 0.6992013888888888 0.42346643518518523 0.11846064814814809 0.09461805555555554
0 0.189375 0.597019675925926 0.10278935185185185 0.0903356481481481
0 0.4300462962962963 0.5760706018518519 0.11378472222222218 0.09505208333333322
0 0.6926041666666667 0.5527199074074074 0.1247800925925926 0.09976851851851869
0 0.16482060185185182 0.7268229166666667 0.1114872685185185 0.09800347222222214
0 0.4147743055555555 0.7114293981481481 0.11779513888888893 0.10237268518518512
0 0.6889699074074074 0.692679398148148 0.12956018518518525 0.10636574074074083