0 0.32361111111111107 0.2013020833333333 0.05284143518518523 0.03708333333333336
0 0.5450173611111111 0.20765624999999996 0.049704861111111144 0.036093750000000036
0 0.7445138888888889 0.213125 0.044212962962962975 0.03416666666666668
0 0.32332175925925927 0.28734375 0.11124421296296294 0.08078124999999999
0 0.5524942129629629 0.2900520833333333 0.09868634259259253 0.0760416666666666
0 0.7581712962962963 0.29041666666666666 0.09158564814814821 0.07088541666666667
0 0.3241956018518518 0.39911458333333333 0.1168055555555556 0.08739583333333326
0 0.5626388888888889 0.39416666666666667 0.09952546296296294 0.08000000000000007
0 0.7760590277777777 0.38932291666666663 0.09088541666666661 0.0763020833333333
0 0.3236574074074074 0.5211458333333333 0.12314814814814819 0.09406250000000008
0 0.5729340277777778 0.5084375 0.10585648148148152 0.08588541666666671
0 0.794855324074074 0.49677083333333333 0.09645833333333335 0.08369791666666675