0 0.33510416666666665 0.4140104166666667 0.03253472222222218 0.02360532407407412
0 0.3291666666666667 0.47039930555555554 0.06513888888888886 0.05033564814814824
0 0.46996527777777786 0.423287037037037 0.03093749999999993 0.021996527777777785
0 0.4672569444444445 0.47489583333333335 0.061128472222222285 0.0455324074074074
0 0.593923611111111 0.43132523148148144 0.02937499999999993 0.021950231481481453
0 0.5951562499999999 0.48125578703703703 0.05484374999999986 0.04378472222222225
0 0.3213715277777778 0.5401157407407406 0.06982638888888885 0.05047453703703688
0 0.4649652777777778 0.5428877314814814 0.06350694444444435 0.0471643518518519
0 0.5952604166666667 0.5468344907407408 0.05803819444444436 0.04700231481481474
0 0.3134548611111111 0.6153009259259259 0.0699305555555556 0.05516203703703706
0 0.4610069444444445 0.6156134259259259 0.06519097222222214 0.05267939814814824
0 0.5976041666666667 0.6170312499999999 0.06281250000000008 0.05104745370370374