0 0.16244212962962962 0.29944444444444446 0.04991319444444446 0.04056134259259263
0 0.14068287037037036 0.4015219907407407 0.1087384259259259 0.08984375
0 0.3691550925925926 0.33221064814814816 0.0453125 0.04283564814814813
0 0.36244212962962963 0.4290393518518519 0.0929398148148148 0.08492476851851852
0 0.5611979166666666 0.36006944444444444 0.039583333333333214 0.03572337962962955
0 0.5608506944444445 0.4538657407407408 0.08894675925925917 0.0825231481481481
0 0.5616319444444444 0.5805092592592593 0.09401041666666679 0.0927488425925926
0 0.3505787037037037 0.5594039351851852 0.10196759259259255 0.09677083333333343
0 0.11218171296296298 0.5378935185185185 0.1153935185185185 0.10087384259259266
0 0.08449074074074074 0.6946006944444445 0.12769097222222223 0.11667245370370374
0 0.334837962962963 0.7100347222222222 0.11099537037037041 0.10861689814814816
0 0.5625289351851851 0.7251331018518519 0.10159143518518512 0.10769675925925917