0 0.35215856481481483 0.44456597222222227 0.03498263888888893 0.025179398148148024
0 0.4926909722222222 0.4534201388888889 0.033373842592592594 0.02431712962962962
0 0.6309722222222222 0.4605902777777778 0.033373842592592594 0.02431712962962962
0 0.34804398148148147 0.5007754629629629 0.0684490740740741 0.05105902777777782
0 0.4917476851851852 0.5090104166666667 0.06757523148148152 0.04945601851851862
0 0.6339814814814815 0.5156018518518518 0.0651851851851852 0.048553240740740834
0 0.34300347222222227 0.5726099537037037 0.071712962962963 0.05356481481481481
0 0.4907060185185186 0.5794849537037037 0.06936921296296283 0.053443287037037025
0 0.6360648148148148 0.5862384259259259 0.06932291666666668 0.05266203703703702
0 0.3361226851851852 0.6490509259259258 0.07438078703703699 0.05915509259259259
0 0.49016782407407405 0.6546875 0.07033564814814816 0.05660879629629623
0 0.6402141203703704 0.6616840277777778 0.07107060185185184 0.05586805555555543