0 0.1572222222222222 0.30277199074074074 0.05206597222222222 0.041325231481481414
0 0.3651388888888889 0.33710069444444446 0.04741898148148147 0.0419675925925926
0 0.5552083333333334 0.36855324074074075 0.04178819444444457 0.03868055555555561
0 0.13559027777777777 0.40306712962962965 0.1084027777777778 0.08979745370370366
0 0.35386574074074073 0.4337905092592592 0.09648148148148153 0.08554398148148153
0 0.10420138888888889 0.540630787037037 0.11764467592592594 0.10255208333333332
0 0.34229166666666666 0.5664641203703704 0.10666666666666665 0.10144675925925917
0 0.5542534722222222 0.4624189814814814 0.0919560185185185 0.08853009259259252
0 0.5531192129629631 0.5899247685185185 0.09552662037037045 0.09721643518518519
0 0.07179976851851852 0.6977256944444445 0.13033564814814816 0.12164930555555564
0 0.32674189814814814 0.7154513888888889 0.1172280092592592 0.10956018518518533
0 0.5535590277777778 0.73234375 0.10304398148148142 0.10679976851851851