0 0.36192129629629627 0.3825810185185185 0.031336805555555534 0.023663194444444445
0 0.36102430555555554 0.44276041666666666 0.0642939814814815 0.04890046296296298
0 0.35760995370370374 0.519369212962963 0.06756365740740744 0.05282986111111114
0 0.5060185185185185 0.3697916666666667 0.036805555555555536 0.023703703703703737
0 0.5090856481481482 0.43150462962962965 0.06906828703703702 0.051278935185185046
0 0.511255787037037 0.5111979166666666 0.07074652777777786 0.05441550925925931
0 0.66796875 0.353744212962963 0.04082754629629637 0.026857638888888858
0 0.6735532407407407 0.42012731481481486 0.0794270833333334 0.05682291666666668
0 0.6813078703703704 0.5029050925925926 0.08504050925925917 0.06076967592592588
0 0.6877314814814814 0.5919444444444444 0.08822337962962959 0.06235532407407405
0 0.5128472222222222 0.5963657407407407 0.07413194444444446 0.06146990740740747
0 0.3551215277777778 0.5998784722222222 0.06927083333333339 0.05674768518518523