0 0.23046875 0.296875 0.05078125 0.04296875
0 0.21640625 0.39609375 0.0953125 0.08515625
0 0.19921875 0.53046875 0.10703125 0.0953125
0 0.43515625 0.3171875 0.04765625 0.04140625
0 0.43125 0.41484375 0.096875 0.084375
0 0.428125 0.54765625 0.1015625 0.09609375
0 0.1796875 0.68984375 0.11953125 0.1125
0 0.42578125 0.69921875 0.10625 0.11328125
0 0.64453125 0.56171875 0.0921875 0.09375
0 0.653125 0.70703125 0.1 0.0984375
0 0.634375 0.43359375 0.08828125 0.08203125
0 0.62890625 0.33671875 0.03984375 0.0390625