0 0.21527777777777776 0.3844560185185185 0.050260416666666696 0.03802662037037034
0 0.4424074074074074 0.3600925925925926 0.05502893518518519 0.039866898148148165
0 0.6884085648148148 0.3322743055555556 0.059097222222222176 0.04322337962962965
0 0.19405092592592593 0.4783969907407407 0.10310763888888888 0.08087962962962969
0 0.42648726851851854 0.4568344907407408 0.11424768518518516 0.08543402777777782
0 0.6816203703703704 0.43314814814814817 0.1232060185185185 0.09297453703703713
0 0.16515624999999998 0.6000520833333333 0.10902199074074073 0.08979745370370366
0 0.40754629629629624 0.5817939814814814 0.11465277777777771 0.09324652777777782
0 0.6710300925925926 0.5622858796296296 0.1273553240740739 0.09789351851851844
0 0.13733796296296297 0.7309895833333334 0.11329282407407408 0.09706018518518533
0 0.3864756944444444 0.7177835648148149 0.12361111111111107 0.10078703703703695
0 0.6605729166666666 0.7038773148148149 0.13244791666666664 0.10598379629629626