0 0.2535532407407407 0.33795138888888887 0.05370370370370363 0.04063657407407408
0 0.4849768518518518 0.342818287037037 0.05053240740740748 0.037418981481481414
0 0.6999942129629629 0.3481712962962963 0.04815393518518522 0.03500578703703709
0 0.25497685185185187 0.4340451388888889 0.1113483796296296 0.08373263888888882
0 0.49181134259259257 0.43484375000000003 0.10112268518518519 0.07874421296296301
0 0.7098958333333334 0.43619791666666663 0.09482638888888886 0.07543402777777786
0 0.2567476851851852 0.5535763888888889 0.11449652777777777 0.08538773148148149
0 0.2570601851851852 0.6801851851851852 0.11534722222222218 0.09009837962962948
0 0.4966377314814815 0.5495949074074075 0.10352430555555561 0.08271990740740734
0 0.5038888888888889 0.6697453703703704 0.11062499999999993 0.08761574074074083
0 0.7201446759259259 0.5476620370370371 0.10037615740740727 0.08106481481481484
0 0.7312326388888889 0.6630092592592594 0.10039930555555561 0.08262731481481467