0 0.3396701388888889 0.4084143518518518 0.03298032407407412 0.023628472222222287
0 0.4811226851851852 0.41885416666666664 0.03141203703703699 0.022800925925925954
0 0.6155324074074074 0.4275231481481481 0.029843750000000037 0.02197337962962962
0 0.33774884259259264 0.46537615740740745 0.06597222222222214 0.04881944444444457
0 0.4815335648148148 0.47432291666666665 0.06206018518518519 0.04792245370370374
0 0.618275462962963 0.4814988425925926 0.06049189814814824 0.047094907407407405
0 0.33436921296296296 0.5363541666666667 0.06910879629629632 0.05047453703703706
0 0.48204282407407406 0.5430729166666668 0.06441550925925928 0.049554398148148236
0 0.6211284722222222 0.550318287037037 0.06206597222222214 0.048703703703703735
0 0.3310185185185185 0.611238425925926 0.07070601851851847 0.055208333333333214
0 0.48258680555555555 0.6165104166666666 0.06678240740740744 0.05274884259259256
0 0.6255613425925926 0.6215277777777779 0.06364583333333336 0.05109375000000007