0 0.2774131944444444 0.31946180555555553 0.047939814814814775 0.040399305555555556
0 0.5064583333333333 0.3108854166666667 0.0565393518518519 0.04156250000000004
0 0.7589699074074074 0.29944444444444446 0.06047453703703702 0.045642361111111106
0 0.26810185185185187 0.41595486111111113 0.09980324074074076 0.08331597222222217
0 0.5025868055555556 0.4115277777777777 0.11311921296296301 0.08859375000000007
0 0.7597453703703703 0.40576388888888887 0.12174768518518526 0.09366319444444446
0 0.25548611111111114 0.5365277777777777 0.10452546296296301 0.0882118055555555
0 0.4954050925925927 0.53703125 0.112361111111111 0.09168402777777782
0 0.7587673611111111 0.5377951388888889 0.12567708333333344 0.09696180555555571
0 0.24673611111111113 0.6627430555555556 0.10767939814814813 0.0922569444444445
0 0.4889583333333333 0.6688194444444445 0.11473958333333342 0.09647569444444457
0 0.7608564814814816 0.6777777777777778 0.12960069444444447 0.0994791666666666