0 0.2875 0.28515625 0.0578125 0.03984375
0 0.53515625 0.303125 0.0546875 0.03984375
0 0.76796875 0.31640625 0.05390625 0.03984375
0 0.28359375 0.38671875 0.11640625 0.084375
0 0.53515625 0.40078125 0.10859375 0.0796875
0 0.7734375 0.4140625 0.1 0.07890625
0 0.28046875 0.51484375 0.11953125 0.0875
0 0.5375 0.52421875 0.1125 0.084375
0 0.7796875 0.5328125 0.1015625 0.08203125
0 0.275 0.6484375 0.1203125 0.09140625
0 0.5390625 0.653125 0.115625 0.0921875
0 0.7859375 0.65859375 0.11015625 0.08828125