0 0.2856423611111111 0.32320023148148147 0.04265625000000002 0.0305787037037037
0 0.4649826388888888 0.34166087962962965 0.04024305555555543 0.02887731481481488
0 0.6311111111111112 0.35777199074074073 0.038680555555555426 0.028784722222222215
0 0.2832291666666667 0.3951215277777778 0.08850694444444444 0.06290509259259255
0 0.46661458333333333 0.4106886574074074 0.08137152777777779 0.060144675925925914
0 0.6367534722222222 0.4246875 0.07664930555555553 0.059085648148148096
0 0.27927083333333336 0.4841840277777778 0.09255208333333335 0.06626157407407404
0 0.4690451388888889 0.4969965277777778 0.08310763888888886 0.0641435185185184
0 0.6431944444444444 0.5088831018518519 0.07987847222222229 0.06161458333333343
0 0.27425347222222224 0.5794502314814814 0.09435763888888893 0.07182291666666671
0 0.4697048611111111 0.5878993055555555 0.08565972222222236 0.06896990740740741
0 0.6494618055555555 0.5969849537037037 0.08161458333333335 0.06561342592592592