0 0.37284143518518514 0.3661168981481482 0.038096064814814846 0.028738425925925883
0 0.5209664351851853 0.3960532407407407 0.034930555555555645 0.027771990740740726
0 0.6575347222222222 0.4221701388888889 0.030983796296296263 0.02675925925925924
0 0.3640509259259259 0.4298553240740741 0.0770543981481481 0.059085648148148096
0 0.5162847222222222 0.45611689814814815 0.0674768518518519 0.054623842592592634
0 0.6545370370370371 0.47998263888888887 0.06110532407407412 0.05190972222222214
0 0.3552314814814815 0.5092650462962963 0.08030092592592589 0.06161458333333343
0 0.5099710648148148 0.5325405092592592 0.07068287037037031 0.056371527777777784
0 0.6508101851851852 0.5518576388888888 0.06427083333333332 0.052876157407407476
0 0.34230324074074076 0.592349537037037 0.07964120370370367 0.0639120370370371
0 0.5034953703703704 0.6120891203703704 0.07088541666666667 0.060277777777777784
0 0.6483217592592593 0.6300752314814815 0.0643923611111111 0.055219907407407474