0 0.2438310185185185 0.21594907407407407 0.05046296296296297 0.03978009259259263
0 0.4741493055555555 0.20140625 0.055190972222222356 0.04063078703703704
0 0.7253587962962963 0.18326967592592594 0.060862268518518545 0.044618055555555536
0 0.24026041666666664 0.3126967592592592 0.10331018518518516 0.08037615740740733
0 0.47234374999999995 0.3020833333333333 0.11440972222222215 0.0836631944444445
0 0.7293055555555557 0.2894965277777778 0.1279745370370371 0.08932870370370374
0 0.23560185185185184 0.4336284722222222 0.10503472222222224 0.0835243055555555
0 0.4725752314814814 0.4269907407407407 0.11374999999999993 0.08599537037037042
0 0.7345891203703704 0.4215046296296296 0.1272743055555555 0.09087962962962966
0 0.2318460648148148 0.5569155092592593 0.10671875000000001 0.08589120370370366
0 0.4723090277777778 0.5573553240740742 0.1162557870370371 0.08915509259259266
0 0.739375 0.5589699074074075 0.12990162037037029 0.09638310185185191