0 0.27271412037037035 0.2787673611111111 0.059218749999999966 0.043454861111111145
0 0.5186979166666668 0.29046875 0.058234953703703594 0.03953125000000002
0 0.7514814814814815 0.3009027777777778 0.05815393518518519 0.037968750000000016
0 0.751267361111111 0.3953298611111111 0.10811921296296294 0.08355902777777775
0 0.5159780092592593 0.38807291666666666 0.11284722222222214 0.0844444444444445
0 0.26432291666666663 0.38039930555555557 0.11995949074074072 0.08616319444444445
0 0.2545543981481481 0.50859375 0.1218055555555555 0.0916666666666666
0 0.5087962962962964 0.5115277777777778 0.11687499999999992 0.08687500000000004
0 0.7504166666666666 0.5170833333333333 0.1129282407407409 0.0860069444444445
0 0.24133680555555553 0.6431076388888888 0.12571180555555558 0.09175347222222215
0 0.5043749999999999 0.6419444444444444 0.12040509259259266 0.09475694444444435
0 0.7517881944444444 0.6411284722222221 0.1170775462962963 0.09078124999999986