0 0.32196180555555554 0.2440104166666667 0.052592592592592524 0.03708333333333336
0 0.5432118055555556 0.27984375000000006 0.04946180555555557 0.036093750000000036
0 0.7425694444444445 0.311875 0.04398148148148149 0.03416666666666668
0 0.32103587962962965 0.32984375 0.11070023148148148 0.08078124999999999
0 0.5500752314814814 0.3630729166666667 0.09817129629629626 0.0760416666666666
0 0.7556481481481481 0.3908333333333333 0.09110532407407401 0.07088541666666667
0 0.3210821759259259 0.4415104166666667 0.1162152777777778 0.08739583333333326
0 0.5594444444444445 0.4683333333333334 0.09898148148148138 0.08000000000000007
0 0.772795138888889 0.4919270833333334 0.09036458333333339 0.07630208333333321
0 0.3196412037037037 0.5632291666666667 0.12251157407407405 0.09406250000000008
0 0.5688888888888889 0.58375 0.10527199074074076 0.08588541666666671
0 0.7907870370370371 0.6016666666666667 0.09588541666666668 0.08369791666666675