0 0.40827546296296297 0.29195023148148147 0.03327546296296298 0.02826967592592595
0 0.5531539351851851 0.2798726851851852 0.03628472222222214 0.02679976851851853
0 0.716550925925926 0.26522569444444444 0.042766203703703806 0.030109953703703684
0 0.4105034722222222 0.35359953703703706 0.06548032407407404 0.052609953703703735
0 0.555787037037037 0.34699074074074077 0.07430555555555554 0.0559895833333333
0 0.4131076388888889 0.4308506944444444 0.06481481481481488 0.05414930555555557
0 0.5601851851851851 0.4274131944444445 0.07598379629629619 0.05759837962962955
0 0.41571180555555554 0.5081018518518519 0.06409143518518512 0.054907407407407405
0 0.5639178240740741 0.509375 0.07526041666666679 0.05835648148148156
0 0.7217592592592592 0.33553819444444444 0.0846354166666666 0.05863425925925929
0 0.7266203703703704 0.4222106481481481 0.08715277777777786 0.0610474537037037
0 0.7346643518518519 0.5097569444444444 0.08660300925925916 0.06414930555555572