0 0.2774189814814815 0.30625 0.04792824074074069 0.03671875
0 0.5064525462962963 0.2890625 0.054201388888888855 0.03984375
0 0.7605324074074075 0.265625 0.06203125000000007 0.0421875
0 0.26732060185185186 0.40390625 0.09980324074074076 0.07890625
0 0.5010243055555555 0.3890625 0.10997106481481485 0.08046875
0 0.7597453703703703 0.371875 0.12018518518518526 0.08828125
0 0.25627314814814817 0.52421875 0.10217013888888893 0.08203125
0 0.4954050925925926 0.51484375 0.11392939814814813 0.0875
0 0.7587731481481481 0.503125 0.12333333333333325 0.09140625
0 0.24517361111111113 0.6515625 0.10377314814814813 0.0875
0 0.49052083333333335 0.646875 0.11473379629629629 0.090625
0 0.7616435185185185 0.64296875 0.1311805555555555 0.09609375