0 0.35602430555555553 0.5653472222222222 0.030086805555555606 0.028061342592592454
0 0.47456597222222224 0.5638773148148148 0.029305555555555605 0.02802083333333343
0 0.5908680555555555 0.5601851851851851 0.02692708333333336 0.02711805555555564
0 0.3507638888888889 0.63109375 0.05871527777777778 0.058385416666666676
0 0.4725 0.6278993055555555 0.05715277777777779 0.0583043981481481
0 0.5926736111111112 0.6247858796296296 0.055451388888888786 0.05509837962962969
0 0.34164930555555556 0.7134085648148148 0.06208333333333336 0.06401620370370367
0 0.4696701388888889 0.7091087962962963 0.06052083333333336 0.06393518518518526
0 0.3344270833333334 0.8057581018518519 0.06623263888888893 0.06968749999999986
0 0.46798611111111105 0.7996122685185185 0.06687499999999993 0.06660300925925924
0 0.5953125 0.7057118055555556 0.05888888888888886 0.062291666666666676
0 0.5960763888888889 0.79375 0.06456597222222218 0.06726273148148146