0 0.4218229166666667 0.6021701388888889 0.02828124999999986 0.02696180555555543
0 0.5408854166666666 0.6121354166666666 0.02906249999999986 0.026996527777777855
0 0.6575 0.6204340277777778 0.027447916666666572 0.026145833333333358
0 0.5467187499999999 0.6762673611111112 0.05828124999999993 0.056336805555555536
0 0.4223437499999999 0.6684027777777778 0.062239583333333216 0.05729166666666661
0 0.665625 0.6838888888888889 0.05666666666666664 0.055486111111111215
0 0.6773958333333333 0.7669791666666667 0.059270833333333425 0.05949652777777779
0 0.5506249999999999 0.7582291666666666 0.061822916666666575 0.06272569444444435
0 0.4247395833333334 0.7510763888888888 0.06416666666666657 0.06282986111111111
0 0.42609375000000005 0.8414930555555555 0.06374999999999993 0.06826388888888886
0 0.560625 0.8498090277777777 0.06833333333333336 0.066909722222222
0 0.68796875 0.85546875 0.06135416666666664 0.06737847222222229