0 0.2933854166666666 0.25180555555555556 0.057083333333333285 0.03836805555555554
0 0.5232812499999999 0.25647569444444446 0.05322916666666657 0.038975694444444466
0 0.7302604166666666 0.2582465277777778 0.046822916666666714 0.036354166666666646
0 0.29947916666666663 0.3432118055555556 0.11921875000000001 0.0824131944444444
0 0.53609375 0.3428819444444445 0.10640624999999986 0.07717013888888893
0 0.7482291666666667 0.3397222222222222 0.0984375 0.07447916666666661
0 0.3080729166666667 0.4603645833333333 0.12505208333333329 0.08812499999999997
0 0.5543229166666667 0.45177083333333334 0.10828124999999993 0.08192708333333343
0 0.7716145833333333 0.4436805555555556 0.10020833333333332 0.07767361111111111
0 0.31729166666666664 0.5868923611111111 0.12854166666666664 0.09373263888888879
0 0.5723958333333333 0.5700694444444444 0.11109375000000003 0.0890625
0 0.7986458333333333 0.5553125 0.10286458333333322 0.08246527777777786