0 0.27060185185185187 0.27450810185185187 0.06017361111111112 0.04198495370370372
0 0.517193287037037 0.2833043981481481 0.057048611111111036 0.041869212962962976
0 0.74921875 0.287962962962963 0.05626736111111104 0.04184027777777786
0 0.26067708333333334 0.37621527777777775 0.12140624999999998 0.08868634259259256
0 0.5114062500000001 0.3809606481481481 0.11331597222222226 0.08370949074074074
0 0.748900462962963 0.38541666666666663 0.10467592592592574 0.08260995370370372
0 0.2499594907407407 0.5044560185185185 0.12471643518518523 0.0919270833333334
0 0.5064351851851852 0.5043113425925926 0.11750000000000008 0.08854166666666678
0 0.748113425925926 0.5039351851851852 0.10642361111111107 0.08579282407407404
0 0.23657407407407405 0.6382523148148148 0.12572916666666673 0.0958622685185185
0 0.5003587962962962 0.6331597222222223 0.12108796296296305 0.09646990740740743
0 0.7469097222222223 0.6294849537037037 0.11538773148148138 0.09236111111111107