0 0.38203125 0.58515625 0.0265625 0.02578125
0 0.3796875 0.65078125 0.05625 0.05859375
0 0.50078125 0.5890625 0.028125 0.02578125
0 0.50234375 0.6546875 0.0546875 0.0546875
0 0.6171875 0.59375 0.02578125 0.02578125
0 0.621875 0.65703125 0.05078125 0.0546875
0 0.375 0.73359375 0.05859375 0.06015625
0 0.37109375 0.82578125 0.06015625 0.06484375
0 0.50234375 0.73515625 0.0546875 0.05859375
0 0.50546875 0.828125 0.0609375 0.0640625
0 0.62734375 0.73828125 0.05625 0.0578125
0 0.63125 0.8265625 0.06171875 0.06328125