0 0.4088541666666667 0.5916087962962963 0.029270833333333357 0.026197916666666644
0 0.5277777777777778 0.5972743055555556 0.029270833333333357 0.026197916666666644
0 0.4078645833333333 0.657175925925926 0.05786458333333329 0.05472800925925938
0 0.5306597222222222 0.6621180555555556 0.056371527777777784 0.05626736111111121
0 0.6443229166666666 0.6021238425925926 0.028489583333333356 0.02618634259259256
0 0.6510763888888889 0.666244212962963 0.053923611111111214 0.053888888888888785
0 0.4076736111111111 0.7407118055555555 0.06282986111111111 0.0610474537037037
0 0.4070486111111111 0.8320486111111112 0.06467013888888892 0.06732060185185204
0 0.5343402777777777 0.7449305555555557 0.06045138888888886 0.060231481481481455
0 0.5398611111111111 0.8340162037037036 0.06307291666666667 0.06651620370370352
0 0.6601909722222222 0.7483564814814814 0.057934027777777786 0.05629050925925938
0 0.6696180555555555 0.8375 0.061406249999999926 0.06414930555555572