0 0.48272569444444446 0.3447048611111111 0.04060185185185183 0.031134259259259257
0 0.32864583333333336 0.33871527777777777 0.04052083333333334 0.029571759259259256
0 0.32598379629629626 0.40509259259259256 0.07951967592592588 0.05986689814814809
0 0.6237673611111111 0.3464988425925926 0.03410879629629626 0.026215277777777768
0 0.4850347222222222 0.4054398148148148 0.0714236111111111 0.05410879629629637
0 0.6277604166666666 0.40483217592592596 0.06513310185185191 0.05309606481481488
0 0.6341087962962962 0.4778935185185185 0.06435185185185191 0.05306712962962958
0 0.48731481481481487 0.48177083333333337 0.07401041666666668 0.0588831018518519
0 0.32333333333333336 0.48628472222222224 0.08268518518518517 0.06076388888888893
0 0.3203993055555555 0.572945601851852 0.08210648148148145 0.06464120370370381
0 0.4893113425925925 0.5635706018518518 0.07248842592592589 0.05960648148148149
0 0.6401736111111112 0.556423611111111 0.06693865740740748 0.05784143518518512