0 0.24335648148148148 0.2785416666666667 0.04890046296296298 0.0421875
0 0.4516435185185186 0.2889583333333333 0.0472974537037036 0.041302083333333336
0 0.6440219907407407 0.29494791666666664 0.04405092592592581 0.03874999999999993
0 0.4528414351851852 0.38765625 0.09742476851851851 0.09213541666666662
0 0.23460069444444445 0.3818229166666667 0.10601851851851851 0.09270833333333339
0 0.2244212962962963 0.5181250000000001 0.10646412037037037 0.10130208333333321
0 0.4564814814814815 0.5183333333333333 0.10259837962962966 0.10182291666666679
0 0.658420138888889 0.3911979166666667 0.08945023148148153 0.08848958333333332
0 0.6727951388888889 0.5172395833333333 0.09614583333333329 0.09750000000000014
0 0.6906076388888889 0.6642187500000001 0.10571180555555557 0.11682291666666664
0 0.46281828703703703 0.6707812499999999 0.11825231481481477 0.11843749999999993
0 0.21151041666666667 0.67734375 0.12079861111111115 0.12249999999999997