0 0.2969560185185185 0.31876736111111115 0.04395833333333332 0.030069444444444392
0 0.4758043981481482 0.33453125 0.04083333333333332 0.02993055555555557
0 0.6429456018518518 0.34821180555555553 0.039270833333333324 0.02986111111111107
0 0.29564814814814816 0.3898263888888889 0.08717013888888889 0.06479166666666672
0 0.47998263888888887 0.40348958333333335 0.0785474537037036 0.060503472222222146
0 0.6518229166666666 0.4158159722222223 0.07306134259259274 0.057916666666666575
0 0.2965451388888889 0.4797395833333333 0.09186921296296298 0.06656249999999986
0 0.48638310185185185 0.48895833333333333 0.08167824074074073 0.061423611111111144
0 0.6598090277777777 0.49822916666666667 0.07777199074074073 0.06125000000000007
0 0.2966319444444444 0.5735243055555556 0.09191550925925931 0.07281250000000003
0 0.4911747685185185 0.5806076388888889 0.08641782407407402 0.06866319444444446
0 0.6708738425925926 0.58703125 0.07701967592592585 0.06512152777777783