0 0.21707175925925926 0.22629629629629627 0.05133101851851851 0.04193287037037034
0 0.4496527777777778 0.22203124999999999 0.056076388888888926 0.04299189814814817
0 0.7036168981481481 0.2151099537037037 0.061834490740740836 0.047222222222222235
0 0.2013020833333333 0.32266203703703705 0.10506365740740745 0.0847858796296296
0 0.43515625 0.3223958333333333 0.11623263888888893 0.08855902777777783
0 0.6941840277777778 0.3212673611111111 0.12991898148148148 0.09481481481481477
0 0.18139467592592592 0.44310763888888893 0.10685763888888888 0.08800347222222218
0 0.41964699074074074 0.44702546296296297 0.115625 0.09085648148148148
0 0.6828414351851851 0.4532060185185186 0.12925347222222214 0.09633101851851862
0 0.1620949074074074 0.565943287037037 0.10859375 0.09043981481481485
0 0.4029513888888888 0.5770775462962963 0.11820023148148148 0.09412037037037031
0 0.6703125 0.5905671296296295 0.1320023148148149 0.10193865740740726