0 0.22183449074074071 0.20482060185185186 0.05050347222222218 0.041278935185185175
0 0.4540162037037037 0.18 0.05440972222222218 0.04139467592592592
0 0.7074537037037036 0.15142939814814813 0.061562499999999964 0.04394675925925924
0 0.20743634259259255 0.3019733796296296 0.10014467592592595 0.08097222222222218
0 0.4424594907407407 0.2825289351851852 0.11206597222222214 0.08522569444444442
0 0.7003819444444443 0.2577256944444445 0.1223842592592593 0.0886516203703703
0 0.1917824074074074 0.42334490740740743 0.10343171296296294 0.08418981481481484
0 0.4297685185185186 0.4069328703703704 0.11453124999999993 0.08763888888888882
0 0.6896296296296296 0.38987268518518514 0.1280150462962963 0.09193865740740739
0 0.1736226851851852 0.5479108796296297 0.10679976851851851 0.08896990740740733
0 0.41671296296296295 0.5383680555555556 0.1163368055555555 0.09237268518518515
0 0.6817592592592593 0.5266145833333333 0.12817708333333327 0.09506365740740748