0 0.34453125 0.42421875 0.03203125 0.02265625
0 0.33984375 0.48046875 0.0640625 0.0484375
0 0.4796875 0.4375 0.03046875 0.02109375
0 0.478125 0.4890625 0.06015625 0.04375
0 0.60390625 0.44921875 0.02890625 0.02109375
0 0.60625 0.49921875 0.05390625 0.0421875
0 0.33359375 0.55 0.06875 0.0484375
0 0.47734375 0.55703125 0.0625 0.0453125
0 0.6078125 0.56484375 0.05703125 0.0453125
0 0.32734375 0.625 0.06875 0.053125
0 0.475 0.6296875 0.0640625 0.05078125
0 0.61171875 0.63515625 0.06171875 0.04921875