0 0.27868055555555554 0.2870081018518519 0.05186921296296294 0.03859953703703702
0 0.5122280092592593 0.2799189814814815 0.05186921296296312 0.03859953703703702
0 0.7488773148148148 0.2734953703703703 0.05423611111111111 0.03946759259259256
0 0.26811342592592596 0.3802662037037037 0.10693287037037039 0.07965856481481479
0 0.5039583333333333 0.3746527777777778 0.10690972222222221 0.07887731481481489
0 0.7444907407407407 0.36886574074074074 0.11081597222222221 0.07902199074074065
0 0.2545081018518519 0.4970486111111111 0.10776041666666672 0.08125
0 0.4950405092592593 0.49126157407407406 0.11015046296296305 0.08289930555555554
0 0.7409953703703704 0.48683449074074076 0.1141724537037037 0.08695023148148148
0 0.24156828703703703 0.6177083333333334 0.11272569444444444 0.09079861111111107
0 0.48674189814814817 0.6133101851851852 0.11187500000000003 0.08842592592592595
0 0.7365798611111112 0.6095196759259259 0.11274884259259252 0.09157986111111108