0 0.03671875 0.26678240740740744 0.0546875 0.050144675925925954
0 0.2609375 0.3310474537037037 0.04921875 0.045052083333333395
0 0.45390625 0.3875289351851852 0.04140625 0.044473379629629585
0 0.03515625 0.37447916666666664 0.0703125 0.10052083333333331
0 0.25 0.4310185185185185 0.09765625 0.09317129629629636
0 0.45390625 0.47971643518518514 0.0828125 0.08660300925925916
0 0.23515625 0.5627314814814814 0.10234375 0.10445601851851852
0 0.45234375 0.6069444444444445 0.0875 0.09476273148148148
0 0.215625 0.7190972222222223 0.115625 0.12653356481481487
0 0.4484375 0.7511863425925925 0.10234375 0.1130497685185187
0 0.01953125 0.5139467592592593 0.0390625 0.09664351851851852