0 0.27578125 0.2640625 0.0546875 0.0359375
0 0.5046875 0.27890625 0.05078125 0.03671875
0 0.7109375 0.28984375 0.04453125 0.034375
0 0.27578125 0.35546875 0.1140625 0.07734375
0 0.51171875 0.365625 0.1015625 0.07265625
0 0.7234375 0.371875 0.09375 0.0703125
0 0.2765625 0.47265625 0.11953125 0.0828125
0 0.52265625 0.475 0.103125 0.07734375
0 0.73984375 0.4765625 0.0953125 0.0734375
0 0.27734375 0.59921875 0.12265625 0.08828125
0 0.5328125 0.59375 0.10546875 0.084375
0 0.759375 0.5890625 0.09765625 0.078125