0 0.2781076388888889 0.29053819444444445 0.045208333333333336 0.03211805555555554
0 0.45836805555555554 0.28784722222222225 0.04213541666666672 0.034346064814814795
0 0.2680902777777778 0.36666666666666664 0.07392361111111115 0.05972222222222223
0 0.4538541666666667 0.36574074074074076 0.09201388888888892 0.06585648148148149
0 0.25916666666666666 0.45688657407407407 0.0850868055555555 0.07028356481481488
0 0.44743055555555555 0.46307870370370374 0.0874305555555555 0.07037037037037042
0 0.6565798611111111 0.2850405092592593 0.05001736111111103 0.03776041666666661
0 0.6498611111111112 0.36909722222222224 0.08348958333333342 0.06866319444444446
0 0.6505208333333333 0.4690393518518519 0.10159722222222226 0.07557870370370381
0 0.25121527777777775 0.5557291666666667 0.08199652777777774 0.07173032407407405
0 0.4403125 0.5642939814814815 0.09222222222222225 0.07523148148148148
0 0.64734375 0.5719618055555555 0.09859375000000004 0.08093171296296298