0 0.39604745370370364 0.2890625 0.03196759259259263 0.026302083333333302
0 0.5299421296296296 0.29031250000000003 0.029577546296296296 0.024583333333333356
0 0.655150462962963 0.28901041666666666 0.027968749999999966 0.022916666666666696
0 0.39776041666666667 0.346875 0.06545138888888893 0.051145833333333356
0 0.5339293981481481 0.34562499999999996 0.05991319444444443 0.0484375
0 0.659068287037037 0.34197916666666667 0.05598379629629626 0.047395833333333394
0 0.40062499999999995 0.4171354166666667 0.0646932870370371 0.051875000000000074
0 0.5366782407407407 0.4119791666666667 0.059959490740740765 0.05
0 0.6625520833333333 0.40671875 0.05598379629629626 0.047395833333333394
0 0.4019270833333334 0.4875 0.0654745370370371 0.05192708333333336
0 0.5394733796296296 0.4798958333333333 0.059959490740740765 0.05
0 0.666863425925926 0.47296875 0.056788194444444426 0.04822916666666668