0 0.33671875 0.3984375 0.0328125 0.02265625
0 0.47734375 0.4046875 0.0296875 0.02265625
0 0.6125 0.41015625 0.0296875 0.021875
0 0.334375 0.45546875 0.065625 0.046875
0 0.478125 0.46015625 0.0640625 0.04609375
0 0.615625 0.4640625 0.059375 0.04453125
0 0.33046875 0.5265625 0.06796875 0.05
0 0.478125 0.5296875 0.06484375 0.046875
0 0.61796875 0.53203125 0.0609375 0.04765625
0 0.3265625 0.60078125 0.07109375 0.05234375
0 0.47734375 0.60234375 0.065625 0.05078125
0 0.6203125 0.603125 0.06328125 0.04921875