0 0.3640625 0.39593749999999994 0.03432291666666672 0.022899305555555572
0 0.5051041666666667 0.40114583333333337 0.032760416666666715 0.022887731481481488
0 0.6397916666666668 0.404837962962963 0.031145833333333428 0.022094907407407403
0 0.36473958333333334 0.4529918981481481 0.06880208333333329 0.04814236111111114
0 0.5080208333333334 0.4566203703703703 0.06635416666666671 0.04656249999999993
0 0.64578125 0.45950810185185187 0.062291666666666676 0.04418981481481481
0 0.36552083333333335 0.5233333333333333 0.07286458333333332 0.05051504629629626
0 0.5126041666666666 0.5253703703703703 0.06963541666666676 0.0489293981481481
0 0.6526562499999999 0.5274594907407407 0.06489583333333329 0.048113425925925844
0 0.3666145833333333 0.5983622685185186 0.07458333333333336 0.052870370370370345
0 0.5175 0.5988078703703703 0.07057291666666661 0.051278935185185046
0 0.6613020833333334 0.5985243055555556 0.06812499999999985 0.04969907407407419