0 0.28828125 0.296875 0.05234375 0.0375
0 0.5203125 0.29921875 0.053125 0.03671875
0 0.75859375 0.3015625 0.05390625 0.0375
0 0.28046875 0.39140625 0.10390625 0.078125
0 0.515625 0.39375 0.10703125 0.075
0 0.75703125 0.396875 0.10703125 0.078125
0 0.2703125 0.50625 0.10703125 0.07890625
0 0.5109375 0.5109375 0.1078125 0.0796875
0 0.75625 0.5140625 0.1078125 0.08046875
0 0.26015625 0.628125 0.109375 0.08125
0 0.50546875 0.63046875 0.11015625 0.08515625
0 0.75703125 0.6390625 0.11015625 0.08515625