0 0.38828125 0.28046875 0.03046875 0.025
0 0.5328125 0.26484375 0.03671875 0.028125
0 0.38515625 0.34453125 0.065625 0.05390625
0 0.53125 0.33046875 0.07109375 0.05390625
0 0.6984375 0.2453125 0.040625 0.03046875
0 0.6984375 0.315625 0.08359375 0.059375
0 0.38125 0.41953125 0.0640625 0.05390625
0 0.5296875 0.41171875 0.07421875 0.05546875
0 0.378125 0.49609375 0.06640625 0.0546875
0 0.52734375 0.49375 0.0734375 0.0578125
0 0.69765625 0.4015625 0.08359375 0.0609375
0 0.6984375 0.48984375 0.084375 0.06171875