0 0.27578125 0.2640625 0.0546875 0.0359375
0 0.50546875 0.27890625 0.0515625 0.0359375
0 0.7109375 0.28984375 0.04609375 0.0328125
0 0.27578125 0.35546875 0.1140625 0.0765625
0 0.5140625 0.36484375 0.09765625 0.07109375
0 0.7234375 0.371875 0.090625 0.06796875
0 0.27734375 0.4734375 0.11875 0.08359375
0 0.5234375 0.475 0.10078125 0.07578125
0 0.740625 0.47578125 0.09375 0.071875
0 0.2765625 0.59921875 0.125 0.08984375
0 0.53203125 0.59375 0.10703125 0.08359375
0 0.75859375 0.5890625 0.096875 0.07890625