0 0.21869791666666666 0.20482060185185186 0.050989583333333324 0.039716435185185174
0 0.45031250000000006 0.18080439814814814 0.05734375000000007 0.041464120370370415
0 0.7040625 0.1522337962962963 0.06307291666666667 0.0455324074074074
0 0.20359375000000002 0.30273148148148155 0.10520833333333339 0.08108796296296301
0 0.438125 0.28174768518518517 0.11484375 0.08527199074074074
0 0.69625 0.2577256944444445 0.12614583333333335 0.0910648148148148
0 0.18463541666666666 0.4233680555555555 0.10708333333333334 0.08582175925925917
0 0.4234375 0.40849537037037037 0.11354166666666661 0.0891319444444445
0 0.6850520833333333 0.3906076388888889 0.1286458333333334 0.09347800925925931
0 0.16468750000000001 0.5471527777777778 0.1096354166666667 0.08901620370370367
0 0.40625 0.5376562500000001 0.12166666666666667 0.09405092592592582
0 0.6744270833333333 0.5265914351851851 0.1296875 0.09740740740740747