0 0.2706018518518518 0.30006365740740737 0.059531250000000036 0.04514467592592588
0 0.5164583333333332 0.33005208333333336 0.058518518518518546 0.04119791666666668
0 0.7491261574074074 0.35778935185185184 0.05842592592592588 0.03963541666666668
0 0.7482118055555557 0.4525636574074074 0.10872106481481474 0.08663773148148142
0 0.5130150462962962 0.42782986111111115 0.11345486111111107 0.08766203703703698
0 0.2614583333333333 0.4014641203703704 0.12057870370370374 0.08958912037037034
0 0.25074074074074076 0.5294270833333334 0.1224652777777778 0.09513888888888893
0 0.5049189814814815 0.5512268518518518 0.11750000000000008 0.09020833333333336
0 0.7464583333333333 0.5747222222222221 0.11354745370370374 0.08922453703703717
0 0.2365277777777778 0.6634780092592593 0.12637152777777771 0.09534143518518512
0 0.4995312500000001 0.6818171296296296 0.12108796296296305 0.09818287037037035
0 0.7469097222222223 0.6993460648148149 0.11773148148148138 0.09411458333333336