0 0.26875 0.31484375 0.0453125 0.03828125
0 0.25859375 0.4140625 0.09609375 0.08515625
0 0.4703125 0.3296875 0.04453125 0.0375
0 0.471875 0.4265625 0.0875 0.08046875
0 0.665625 0.34453125 0.0421875 0.03828125
0 0.6734375 0.43984375 0.08515625 0.07734375
0 0.6859375 0.56640625 0.09609375 0.09296875
0 0.471875 0.5578125 0.0921875 0.09375
0 0.2421875 0.5453125 0.10390625 0.09140625
0 0.225 0.70234375 0.1171875 0.1125
0 0.4703125 0.70859375 0.109375 0.11015625
0 0.69609375 0.71328125 0.09921875 0.10625