0 0.27145833333333336 0.3305902777777778 0.054895833333333324 0.04138310185185183
0 0.5020312499999999 0.33026041666666667 0.054947916666666784 0.042164351851851835
0 0.27869791666666666 0.42741898148148144 0.11322916666666671 0.087638888888889
0 0.5135416666666666 0.4205613425925926 0.10749999999999993 0.08340856481481485
0 0.7183333333333334 0.3276388888888889 0.05333333333333332 0.041290509259259256
0 0.7328125 0.41541087962962964 0.09848958333333328 0.07664930555555553
0 0.28739583333333335 0.5461226851851853 0.11401041666666671 0.08768518518518516
0 0.29260416666666667 0.6713078703703703 0.12380208333333335 0.09449074074074079
0 0.5266666666666666 0.5350810185185185 0.1075520833333334 0.08418981481481466
0 0.5394270833333333 0.6558969907407407 0.10942708333333329 0.08896990740740733
0 0.7513541666666667 0.5288252314814814 0.09838541666666671 0.08675925925925938
0 0.7698958333333333 0.6422395833333333 0.10151041666666671 0.08694444444444435