0 0.23888888888888887 0.3862037037037037 0.048703703703703735 0.03844907407407403
0 0.4653645833333334 0.3627372685185185 0.05262152777777764 0.04021412037037031
0 0.7113657407407408 0.33747685185185183 0.0565393518518519 0.04197916666666668
0 0.22318287037037035 0.48158564814814814 0.09901041666666668 0.08244791666666665
0 0.45515624999999993 0.46174189814814814 0.10997685185185198 0.08692129629629619
0 0.7089872685185185 0.4384201388888889 0.11857060185185198 0.08736689814814813
0 0.202974537037037 0.6022106481481482 0.10218171296296301 0.08885995370370381
0 0.44356481481481486 0.5850462962962963 0.1115682870370371 0.09090856481481477
0 0.7060358796296297 0.5675289351851852 0.12097222222222222 0.09530092592592591
0 0.18048611111111112 0.7315509259259259 0.11083333333333334 0.09711805555555557
0 0.4320717592592592 0.7216319444444445 0.12101851851851855 0.10155092592592592
0 0.7031828703703704 0.7099189814814816 0.12963541666666673 0.10512152777777786