0 0.3828125 0.58515625 0.0265625 0.02578125
0 0.5015625 0.58984375 0.02734375 0.02578125
0 0.61796875 0.59296875 0.02578125 0.025
0 0.503125 0.65390625 0.0546875 0.05390625
0 0.37890625 0.6515625 0.05859375 0.0546875
0 0.621875 0.65625 0.053125 0.053125
0 0.628125 0.7390625 0.05546875 0.05703125
0 0.5015625 0.7359375 0.0578125 0.06015625
0 0.37578125 0.734375 0.06015625 0.06015625
0 0.37109375 0.825 0.059375 0.065625
0 0.50546875 0.82734375 0.0640625 0.0640625
0 0.6328125 0.82734375 0.05703125 0.06484375