0 0.3203125 0.22265625 0.05234375 0.03359375
0 0.54140625 0.24375 0.04921875 0.0328125
0 0.740625 0.2625 0.04375 0.03125
0 0.31875 0.30859375 0.11015625 0.0734375
0 0.54765625 0.3265625 0.09765625 0.06953125
0 0.753125 0.340625 0.090625 0.06484375
0 0.31796875 0.4203125 0.115625 0.0796875
0 0.55625 0.43125 0.0984375 0.0734375
0 0.76953125 0.440625 0.08984375 0.0703125
0 0.315625 0.5421875 0.121875 0.0859375
0 0.56484375 0.54609375 0.1046875 0.07890625
0 0.78671875 0.54921875 0.0953125 0.07734375