0 0.2484375 0.3453125 0.05234375 0.03828125
0 0.478125 0.35859375 0.05234375 0.0390625
0 0.24921875 0.4421875 0.1078125 0.08125
0 0.48359375 0.44921875 0.10234375 0.07734375
0 0.69375 0.36875 0.05078125 0.03828125
0 0.70234375 0.45703125 0.09375 0.07109375
0 0.25 0.5609375 0.10859375 0.08125
0 0.246875 0.6859375 0.11796875 0.0875
0 0.4890625 0.5640625 0.10234375 0.078125
0 0.49375 0.68515625 0.10390625 0.0828125
0 0.71328125 0.57109375 0.09296875 0.08125
0 0.72421875 0.68515625 0.09609375 0.08125