0 0.4881076388888889 0.37071180555555555 0.040162037037037024 0.03026620370370372
0 0.3338541666666667 0.3567013888888889 0.04010416666666661 0.02870370370370372
0 0.33217592592592593 0.42311921296296295 0.07867476851851851 0.05816550925925927
0 0.6292534722222223 0.379837962962963 0.03373842592592595 0.025486111111111143
0 0.4913194444444445 0.431730324074074 0.07065972222222214 0.05258101851851862
0 0.6341145833333333 0.43853587962962964 0.06438078703703702 0.051707175925925955
0 0.641550925925926 0.5121238425925926 0.06359953703703702 0.05169560185185187
0 0.49473379629629627 0.5083854166666667 0.07317708333333339 0.05730324074074069
0 0.33072916666666663 0.5043923611111112 0.08182870370370372 0.05899305555555543
0 0.3290798611111111 0.5911342592592593 0.08119212962962959 0.06288773148148152
0 0.4979456018518518 0.5905092592592592 0.07164351851851851 0.058061342592592526
0 0.6487847222222223 0.5911805555555556 0.0661168981481481 0.05641782407407412