0 0.41237268518518516 0.58515625 0.027899305555555642 0.02578125
0 0.413431712962963 0.65078125 0.05928819444444446 0.05859375
0 0.5313252314814815 0.5890625 0.029461805555555644 0.02578125
0 0.5362905092592593 0.6546875 0.057523148148148094 0.0546875
0 0.647974537037037 0.59375 0.02711805555555564 0.02578125
0 0.6559432870370371 0.65703125 0.053616898148148094 0.0546875
0 0.41303819444444445 0.73359375 0.061712962962963046 0.06015625
0 0.4139120370370371 0.82578125 0.06351851851851861 0.06484375
0 0.540462962962963 0.73515625 0.05772569444444429 0.05859375
0 0.5484085648148148 0.828125 0.06425925925925924 0.0640625
0 0.665625 0.73828125 0.059247685185185264 0.0578125
0 0.6741087962962963 0.8265625 0.06500000000000003 0.06328125