0 0.2328125 0.2125 0.0484375 0.0390625
0 0.4640625 0.19453125 0.053125 0.03984375
0 0.71640625 0.17265625 0.05859375 0.04375
0 0.22421875 0.309375 0.09921875 0.07890625
0 0.45703125 0.2953125 0.11015625 0.08203125
0 0.71484375 0.27890625 0.1234375 0.0875
0 0.21328125 0.43046875 0.10078125 0.08203125
0 0.45078125 0.4203125 0.109375 0.084375
0 0.71328125 0.4109375 0.12265625 0.0890625
0 0.203125 0.55390625 0.10234375 0.084375
0 0.44375 0.55078125 0.11171875 0.0875
0 0.7109375 0.5484375 0.125 0.09453125