0 0.33229166666666665 0.3566782407407407 0.03848379629629628 0.027118055555555555
0 0.48738425925925927 0.3691377314814815 0.03686342592592595 0.025532407407407386
0 0.6285011574074074 0.3790451388888889 0.032899305555555716 0.023912037037037058
0 0.3313946759259259 0.4231076388888889 0.07699652777777777 0.05501736111111111
0 0.4913483796296296 0.430949074074074 0.06903935185185191 0.050995370370370455
0 0.6341145833333334 0.43853587962962964 0.06354166666666679 0.050133101851851866
0 0.3314814814814815 0.5051851851851852 0.0802372685185185 0.058188657407407265
0 0.4947337962962964 0.5083854166666667 0.07230902777777785 0.05494791666666661
0 0.6407696759259259 0.5121122685185184 0.06516203703703702 0.051718749999999855
0 0.32905092592592594 0.5919155092592593 0.08350694444444447 0.062141203703703594
0 0.4979166666666666 0.5912905092592593 0.0740162037037038 0.05887731481481477
0 0.6487847222222222 0.5911805555555556 0.06605902777777786 0.05485532407407412