0 0.29631944444444447 0.30191550925925925 0.05186921296296294 0.03747106481481488
0 0.5299594907407407 0.30693865740740744 0.05186921296296312 0.03747106481481488
0 0.7667476851851852 0.31278935185185186 0.05423611111111111 0.03828703703703704
0 0.29126157407407405 0.3947685185185185 0.10693287037037039 0.07733217592592592
0 0.5272916666666667 0.4013888888888889 0.10690972222222221 0.07655092592592591
0 0.7680092592592592 0.40807870370370375 0.11081597222222221 0.07660879629629633
0 0.2845543981481481 0.5110243055555556 0.10776041666666672 0.07890625
0 0.5252719907407407 0.5177141203703703 0.11015046296296305 0.08050347222222225
0 0.7715046296296296 0.5260474537037038 0.1141724537037037 0.08446759259259266
0 0.278744212962963 0.6311979166666667 0.11272569444444444 0.0883506944444445
0 0.5241956018518519 0.639519675925926 0.11187500000000003 0.08599537037037042
0 0.7743576388888889 0.6486921296296296 0.1127488425925927 0.0891319444444445