0 0.3970138888888889 0.4165972222222222 0.03229166666666661 0.024131944444444463
0 0.536892361111111 0.4142708333333333 0.031475694444444355 0.023333333333333428
0 0.675954861111111 0.41118055555555555 0.032222222222222284 0.022569444444444465
0 0.3979861111111111 0.47366319444444444 0.06774305555555564 0.04911458333333325
0 0.5417361111111111 0.47046875000000005 0.06614583333333339 0.048298611111111
0 0.6831423611111112 0.4673263888888889 0.06689236111111115 0.047534722222222214
0 0.40036458333333336 0.5447743055555556 0.06940972222222222 0.0514930555555555
0 0.5487673611111111 0.5406944444444444 0.06859374999999997 0.050694444444444466
0 0.6940451388888889 0.5366840277777778 0.06703125000000014 0.05065972222222222
0 0.4021701388888889 0.6205902777777779 0.07430555555555554 0.05628472222222207
0 0.5552256944444445 0.615625 0.06954861111111121 0.0546180555555555
0 0.7051909722222222 0.6115104166666667 0.06951388888888879 0.0538368055555555