0 0.28828125 0.296875 0.05078125 0.0359375
0 0.51953125 0.3 0.05625 0.03828125
0 0.75625 0.3015625 0.05546875 0.03828125
0 0.2796875 0.38984375 0.10234375 0.07578125
0 0.51484375 0.39453125 0.10703125 0.07734375
0 0.75625 0.396875 0.109375 0.0796875
0 0.2703125 0.50703125 0.10703125 0.08046875
0 0.51171875 0.5109375 0.109375 0.08203125
0 0.75546875 0.51484375 0.1125 0.0828125
0 0.26015625 0.62734375 0.109375 0.084375
0 0.5046875 0.63203125 0.11015625 0.08359375
0 0.7546875 0.6359375 0.1109375 0.08828125