0 0.28274305555555557 0.29692708333333334 0.04701388888888891 0.041302083333333336
0 0.2769965277777778 0.39682291666666664 0.09987847222222221 0.09156250000000003
0 0.4849652777777777 0.29833333333333334 0.046197916666666575 0.04046874999999996
0 0.49083333333333334 0.3951041666666667 0.09107638888888889 0.08630208333333336
0 0.6809375 0.30015625 0.043888888888889 0.04109375000000002
0 0.6929861111111111 0.3949479166666666 0.08859375000000007 0.08302083333333332
0 0.711111111111111 0.5206770833333334 0.10022569444444436 0.09937500000000003
0 0.4966666666666667 0.5263541666666667 0.0963541666666666 0.09989583333333343
0 0.2664236111111111 0.5291666666666666 0.10796875000000003 0.09833333333333343
0 0.2562152777777778 0.6873437499999999 0.12218749999999998 0.1203125
0 0.5018055555555556 0.6772395833333333 0.11427083333333332 0.11744791666666661
0 0.7277951388888889 0.666875 0.10394097222222225 0.11286458333333335