0 0.3203125 0.221875 0.05234375 0.03203125
0 0.54140625 0.24375 0.04921875 0.03359375
0 0.740625 0.2625 0.0421875 0.03046875
0 0.31796875 0.3078125 0.10859375 0.075
0 0.5484375 0.3265625 0.09453125 0.06796875
0 0.75234375 0.33984375 0.0890625 0.0671875
0 0.31796875 0.4203125 0.11875 0.0796875
0 0.55703125 0.43046875 0.10078125 0.0734375
0 0.7671875 0.43984375 0.08984375 0.06875
0 0.31484375 0.54296875 0.11953125 0.084375
0 0.5640625 0.546875 0.103125 0.08203125
0 0.7859375 0.54921875 0.09296875 0.07578125