0 0.31053240740740745 0.32541666666666663 0.044791666666666605 0.03104166666666668
0 0.48972800925925924 0.34515624999999994 0.04166666666666661 0.03083333333333336
0 0.6571469907407408 0.36255208333333333 0.04010416666666661 0.030729166666666696
0 0.3123842592592593 0.3964583333333333 0.08897569444444446 0.06671874999999998
0 0.4969618055555555 0.41421875 0.0802372685185185 0.062239583333333216
0 0.6690104166666667 0.43036458333333333 0.07468171296296297 0.059531250000000036
0 0.3172743055555555 0.48640625000000004 0.09372106481481488 0.06859374999999997
0 0.5071469907407408 0.49984375 0.08339120370370363 0.06322916666666671
0 0.6806423611111111 0.51296875 0.07948495370370381 0.06296874999999993
0 0.32152777777777775 0.5802083333333334 0.09395254629629637 0.07484375000000014
0 0.5160011574074075 0.5916145833333333 0.08833912037037024 0.07057291666666661
0 0.6956307870370371 0.60203125 0.07884837962962958 0.06682291666666665