0 0.38657407407407407 0.2683506944444444 0.03513888888888896 0.02730902777777775
0 0.38530092592592596 0.3309895833333333 0.06563657407407408 0.05597222222222218
0 0.5305960648148147 0.24473958333333332 0.03596643518518512 0.02890625
0 0.5302430555555555 0.31203125 0.07351851851851858 0.0586631944444445
0 0.6933449074074074 0.21951388888888887 0.04226273148148145 0.03074652777777782
0 0.6962094907407408 0.28979166666666667 0.08142361111111107 0.062135416666666644
0 0.38442129629629623 0.4069097222222222 0.06800347222222225 0.05685763888888893
0 0.3835648148148148 0.4836111111111111 0.06719907407407408 0.05604166666666668
0 0.5326041666666667 0.39171875 0.07034722222222226 0.05696180555555559
0 0.5326909722222222 0.47385416666666663 0.07354166666666657 0.0594444444444445
0 0.6987326388888888 0.3749479166666666 0.0830324074074074 0.06376736111111114
0 0.7028877314814814 0.4623784722222222 0.08539930555555557 0.06465277777777771