0 0.05236689814814814 0.2616145833333333 0.05741898148148148 0.0497395833333333
0 0.2794097222222222 0.29432291666666666 0.0516724537037037 0.04468750000000003
0 0.47487847222222224 0.3236458333333333 0.0438599537037037 0.044166666666666646
0 0.057193287037037036 0.36953125 0.07596064814814815 0.1
0 0.27444444444444444 0.39583333333333337 0.10274884259259257 0.0924479166666667
0 0.4803414351851852 0.41583333333333333 0.08758101851851859 0.08598958333333329
0 0.26747106481481475 0.5296354166666667 0.1080844907407407 0.1036979166666665
0 0.48632523148148155 0.5432812499999999 0.09273148148148139 0.09411458333333336
0 0.2572916666666667 0.68875 0.1226157407407408 0.12567708333333344
0 0.4909837962962963 0.6880729166666667 0.10859375 0.11229166666666668
0 0.04990162037037037 0.5111979166666666 0.04461805555555556 0.09635416666666678