0 0.39293402777777775 0.30340856481481476 0.03256944444444443 0.02516782407407412
0 0.527517361111111 0.3088020833333333 0.02937499999999993 0.021950231481481453
0 0.6534722222222221 0.3128877314814815 0.028593749999999928 0.021927083333333285
0 0.3957638888888889 0.36039351851851853 0.06355902777777782 0.04950810185185191
0 0.5311111111111112 0.36498263888888893 0.05800347222222228 0.04543981481481474
0 0.6562326388888888 0.3667476851851852 0.054062500000000034 0.043761574074074085
0 0.3957638888888889 0.4307523148148148 0.06590277777777782 0.049577546296296404
0 0.5333680555555556 0.43136574074074074 0.05883680555555557 0.047806712962962905
0 0.6599999999999999 0.4307407407407407 0.05487847222222229 0.045347222222222074
0 0.3981076388888889 0.5010416666666667 0.06748263888888886 0.05040509259259256
0 0.5364236111111111 0.4985069444444445 0.058072916666666786 0.04856481481481474
0 0.6630381944444445 0.49710069444444444 0.05567708333333332 0.04615162037037042