0 0.38905092592592594 0.31484375 0.0314293981481482 0.02421875
0 0.5227199074074074 0.325 0.02907407407407412 0.02265625
0 0.6477719907407408 0.33203125 0.027500000000000035 0.02109375
0 0.3894791666666667 0.37265625 0.06440972222222223 0.046875
0 0.5254745370370371 0.38046875 0.05892361111111111 0.04453125
0 0.6505092592592593 0.38515625 0.05501157407407398 0.04375
0 0.39078125 0.44296875 0.06363425925925928 0.04765625
0 0.5267476851851851 0.446875 0.05893518518518519 0.04609375
0 0.6525520833333334 0.45 0.05501157407407398 0.04375
0 0.3905208333333333 0.51328125 0.06441550925925928 0.04765625
0 0.5280324074074074 0.51484375 0.05893518518518519 0.04609375
0 0.6553877314814816 0.51640625 0.055798611111111104 0.04453125