0 0.1550173611111111 0.30277199074074074 0.05236111111111112 0.041325231481481414
0 0.36272569444444447 0.33710069444444446 0.04771990740740737 0.0419675925925926
0 0.5526041666666667 0.36855324074074075 0.04206597222222221 0.03868055555555561
0 0.1326388888888889 0.40306712962962965 0.10904513888888889 0.08979745370370366
0 0.3507349537037037 0.4337905092592592 0.09709490740740741 0.08554398148148153
0 0.10022569444444444 0.540630787037037 0.11837962962962964 0.10255208333333332
0 0.33817708333333335 0.5664641203703704 0.10739583333333336 0.10144675925925917
0 0.550954861111111 0.4624189814814814 0.09259259259259274 0.08853009259259252
0 0.5488773148148148 0.5899247685185185 0.09622685185185187 0.09721643518518519
0 0.06665509259259259 0.6977256944444445 0.13120949074074076 0.12164930555555564
0 0.3215219907407407 0.7154513888888889 0.11801504629629633 0.10956018518518533
0 0.5482638888888889 0.73234375 0.10381365740740733 0.10679976851851851