0 0.33671875 0.3984375 0.0328125 0.02265625
0 0.478125 0.4046875 0.03125 0.021875
0 0.6125 0.409375 0.0296875 0.02109375
0 0.334375 0.45546875 0.065625 0.046875
0 0.478125 0.46015625 0.06171875 0.04609375
0 0.61484375 0.46328125 0.06015625 0.0453125
0 0.33046875 0.5265625 0.06875 0.0484375
0 0.478125 0.52890625 0.0640625 0.04765625
0 0.6171875 0.53203125 0.06171875 0.046875
0 0.3265625 0.6015625 0.0703125 0.053125
0 0.478125 0.60234375 0.06640625 0.05078125
0 0.62109375 0.603125 0.06328125 0.04921875