0 0.271875 0.2885243055555556 0.04453125 0.03178819444444443
0 0.45234375 0.2844965277777778 0.04140625 0.03403935185185185
0 0.26015625 0.36473958333333334 0.07265625 0.0591840277777778
0 0.44609375 0.3624363425925926 0.090625 0.0651851851851852
0 0.24921875 0.45504050925925926 0.08359375 0.06966435185185187
0 0.4375 0.459837962962963 0.0859375 0.0697337962962962
0 0.65078125 0.2802199074074074 0.04921875 0.03739583333333325
0 0.6421875 0.3643402777777778 0.08203125 0.06805555555555554
0 0.640625 0.4642939814814815 0.1 0.07483796296296301
0 0.2390625 0.5539583333333333 0.08046875 0.07113425925925938
0 0.428125 0.5611226851851852 0.090625 0.07456018518518519
0 0.63515625 0.5672569444444444 0.096875 0.08021412037037035