0 0.27208333333333334 0.31942708333333336 0.049270833333333285 0.0396527777777778
0 0.50296875 0.31092013888888886 0.05399305555555571 0.041423611111111036
0 0.7550173611111111 0.30022569444444447 0.06032986111111107 0.04560763888888886
0 0.26133680555555555 0.41592013888888885 0.10170138888888891 0.08100694444444442
0 0.4944791666666667 0.41142361111111114 0.11355902777777764 0.08777777777777765
0 0.7534375 0.4065104166666667 0.12305555555555561 0.09366319444444446
0 0.24930555555555553 0.5350347222222223 0.10414930555555557 0.08579861111111117
0 0.48621527777777784 0.5369618055555556 0.11673611111111129 0.09026041666666665
0 0.7528819444444445 0.5370833333333334 0.12699652777777787 0.09539930555555554
0 0.23473958333333336 0.6626388888888889 0.10821180555555561 0.09300347222222224
0 0.48015624999999995 0.6688541666666667 0.11531249999999993 0.09644097222222214
0 0.7505555555555555 0.6769618055555556 0.13104166666666667 0.10182291666666679