0 0.33510416666666665 0.23136574074074073 0.054479166666666676 0.03358217592592592
0 0.55765625 0.25979166666666664 0.051458333333333425 0.03505208333333325
0 0.758125 0.28444444444444444 0.04421874999999993 0.03171875000000002
0 0.33848958333333334 0.3172337962962963 0.11359374999999998 0.07821759259259257
0 0.5702083333333333 0.3428125 0.09906249999999997 0.07076967592592594
0 0.775 0.36213541666666665 0.0935416666666665 0.06982638888888885
0 0.34598958333333335 0.4297337962962963 0.12406249999999996 0.08320601851851847
0 0.5857291666666666 0.44697337962962963 0.10567708333333332 0.07642361111111118
0 0.7965104166666667 0.46257523148148144 0.09442708333333343 0.07141203703703702
0 0.35104166666666664 0.5522974537037036 0.12515624999999994 0.08791666666666664
0 0.6005208333333333 0.563587962962963 0.10859375 0.0850868055555555
0 0.8225520833333333 0.5725057870370371 0.09802083333333336 0.07853587962962968