0 0.228125 0.29375 0.046875 0.0390625
0 0.43515625 0.31796875 0.0453125 0.03828125
0 0.6265625 0.33671875 0.0421875 0.0359375
0 0.43125 0.41640625 0.09296875 0.0859375
0 0.2140625 0.39609375 0.1015625 0.0859375
0 0.196875 0.53125 0.1015625 0.09453125
0 0.428125 0.546875 0.09765625 0.0953125
0 0.6359375 0.43359375 0.08515625 0.0828125
0 0.64375 0.56015625 0.09140625 0.09140625
0 0.65390625 0.7078125 0.1 0.11015625
0 0.4265625 0.69921875 0.1125 0.1109375
0 0.17578125 0.6890625 0.11484375 0.11484375