0 0.27145833333333336 0.3581944444444444 0.05572916666666661 0.0418171296296296
0 0.5034895833333334 0.38190393518518523 0.05239583333333329 0.038530092592592616
0 0.7191145833333333 0.40476273148148145 0.04989583333333343 0.03606481481481474
0 0.27786458333333336 0.4542881944444444 0.11552083333333334 0.08618055555555557
0 0.5151041666666666 0.47437500000000005 0.10505208333333335 0.08096643518518505
0 0.73359375 0.49348958333333337 0.09859375000000004 0.07751736111111107
0 0.28583333333333333 0.5738194444444444 0.11875 0.08790509259259274
0 0.29270833333333335 0.700300925925926 0.11984374999999999 0.09263310185185177
0 0.5258854166666667 0.589380787037037 0.10765624999999997 0.08499421296296301
0 0.5393749999999999 0.7099768518518518 0.11500000000000003 0.0900462962962962
0 0.7496354166666667 0.6056539351851852 0.10442708333333321 0.08326967592592602
0 0.76671875 0.7217650462962963 0.10453124999999996 0.08483217592592603