0 0.2484375 0.3453125 0.053125 0.0375
0 0.47890625 0.3578125 0.04921875 0.0359375
0 0.69453125 0.36796875 0.04609375 0.0359375
0 0.2484375 0.44140625 0.109375 0.07890625
0 0.4828125 0.45 0.10078125 0.07578125
0 0.70234375 0.45703125 0.09375 0.07265625
0 0.2484375 0.56171875 0.1125 0.08125
0 0.48984375 0.5640625 0.10234375 0.07890625
0 0.71328125 0.5671875 0.09375 0.075
0 0.24765625 0.6875 0.115625 0.08671875
0 0.49453125 0.68515625 0.1046875 0.084375
0 0.72265625 0.68515625 0.09921875 0.08046875