0 0.18883101851851852 0.296875 0.05050347222222227 0.03984375
0 0.17616898148148147 0.39921875 0.1100462962962963 0.08828125
0 0.39818287037037037 0.3265625 0.045937500000000055 0.0421875
0 0.4000810185185185 0.4234375 0.09417824074074073 0.08359375
0 0.5924479166666666 0.3515625 0.04010416666666679 0.03515625
0 0.6004340277777778 0.4453125 0.09015046296296295 0.08125
0 0.6124652777777777 0.571875 0.09536458333333328 0.09140625
0 0.39981481481481485 0.55390625 0.10337962962962965 0.0953125
0 0.15982060185185185 0.5359375 0.11686342592592594 0.09921875
0 0.14608796296296295 0.69296875 0.12939236111111113 0.11484375
0 0.39747685185185183 0.7046875 0.1125810185185185 0.10703125
0 0.6262094907407407 0.71640625 0.10316550925925938 0.10625